15
987 -89 -128
936 -201 -287
846 -305 -435
722 -396 -566
569 -471 -673
393 -527 -753
200 -561 -802
0 -573 -819
-200 -561 -802
-393 -527 -753
-569 -471 -673
-722 -396 -566
-846 -305 -435
-936 -201 -287
-987 -89 -128
100 100
475 14 475 14 475 14 475 14 475 14 474 14 473 14 472 14 470 14 468 14 465 14 462 14 459 14 455 14 451 14 446 14 441 14 435 14 430 14 423 14 417 14 410 14 404 14 397 14 389 14 382 14 375 14 367 14 360 14 353 14 346 14 338 14 331 14 324 14 318 14 311 14 305 14 299 14 293 14 287 14 281 14 276 14 271 14 266 14 262 14 258 14 253 14 249 14 245 14 242 0 238 0 234 0 231 0 227 0 223 0 220 0 216 0 213 0 210 0 206 0 203 0 200 0 197 0 194 0 190 0 188 0 185 0 182 0 179 0 177 0 174 16 172 16 169 16 167 16 165 16 163 16 161 16 159 16 158 16 156 16 155 16 153 8 152 8 151 8 150 8 149 8 148 8 147 8 146 8 146 8 145 8 145 8 145 8 144 8 144 8 144 8 144 8 144 8 144 8 144 8
475 14 475 14 475 14 475 14 475 14 474 14 473 14 472 14 470 14 468 14 465 14 462 14 459 14 455 14 451 14 446 14 441 14 435 14 430 14 423 14 417 14 410 14 404 14 397 14 389 14 382 14 375 14 367 14 360 14 353 14 346 14 338 14 331 14 324 14 318 14 311 14 305 14 299 14 293 14 287 14 281 14 276 14 271 14 266 14 262 14 258 14 253 14 249 14 245 14 242 0 238 0 234 0 231 0 227 0 223 0 220 0 216 0 213 0 210 0 206 0 203 0 200 0 197 0 194 0 190 0 188 0 185 0 182 0 179 0 177 0 174 16 172 16 169 16 167 16 165 16 163 16 161 16 159 16 158 16 156 16 155 16 153 8 152 8 151 8 150 8 149 8 148 8 147 8 146 8 146 8 145 8 145 8 145 8 144 8 144 8 144 8 144 8 144 8 144 8 144 8
475 14 475 14 475 14 475 14 475 14 474 14 473 14 471 14 470 14 468 14 465 14 462 14 459 14 455 14 450 14 446 14 441 14 435 14 429 14 423 14 417 14 410 14 404 14 397 14 389 14 382 14 375 14 367 14 360 14 353 14 345 14 338 14 331 14 324 14 318 14 311 14 305 14 298 14 293 14 287 14 281 14 276 14 271 14 266 14 262 14 258 14 253 14 249 14 245 14 242 0 238 0 234 0 231 0 227 0 223 0 220 0 216 0 213 0 210 0 206 0 203 0 200 0 197 0 194 0 190 0 188 0 185 0 182 0 179 0 177 0 174 16 172 16 169 16 167 16 165 16 163 16 161 16 159 16 158 16 156 16 155 16 153 8 152 8 151 8 150 8 149 8 148 8 147 8 146 8 146 8 145 8 145 8 144 8 144 8 144 8 144 8 144 8 144 8 144 8 144 8
475 14 475 14 475 14 475 14 474 14 474 14 473 14 471 14 469 14 467 14 465 14 462 14 458 14 455 14 450 14 446 14 441 14 435 14 429 14 423 14 417 14 410 14 403 14 396 14 389 14 382 14 375 14 367 14 360 14 353 14 345 14 338 14 331 14 324 14 318 14 311 14 305 14 298 14 293 14 287 14 281 14 276 14 271 14 266 14 262 14 258 14 253 14 249 14 245 14 242 0 238 0 234 0 231 0 227 0 223 0 220 0 216 0 213 0 210 0 206 0 203 0 200 0 197 0 194 0 190 0 188 0 185 0 182 0 179 0 177 0 174 16 172 16 169 16 167 16 165 16 163 16 161 16 159 16 158 16 156 16 155 16 153 8 152 8 151 8 150 8 149 8 148 8 147 8 146 8 146 8 145 8 145 8 144 8 144 8 144 8 144 8 144 8 144 8 143 8 143 8
475 14 475 14 475 14 474 14 474 14 473 14 472 14 471 14 469 14 467 14 464 14 461 14 458 14 454 14 450 14 445 14 440 14 435 14 429 14 423 14 417 14 410 14 403 14 396 14 389 14 382 14 375 14 367 14 360 14 353 14 345 14 338 14 331 14 324 14 317 14 311 14 305 14 298 14 293 14 287 14 281 14 276 14 271 14 266 14 262 14 258 14 253 14 249 14 245 14 242 0 238 0 234 0 231 0 227 0 223 0 220 0 216 0 213 0 210 0 206 0 203 0 200 0 197 0 194 0 190 0 188 0 185 0 182 0 179 0 177 0 174 16 172 16 169 16 167 16 165 16 163 16 161 16 159 16 157 16 156 16 154 16 153 8 152 8 151 8 149 8 148 8 148 8 147 8 146 8 145 8 145 8 145 8 144 8 144 8 144 8 144 8 143 8 143 8 143 8 143 8
474 14 474 14 474 14 474 14 473 14 472 14 471 14 470 14 468 14 466 14 464 14 461 14 457 14 454 14 449 14 445 14 440 14 434 14 429 14 422 14 416 14 410 14 403 14 396 14 389 14 382 14 374 14 367 14 360 14 352 14 345 14 338 14 331 14 324 14 317 14 311 14 304 14 298 14 292 14 287 14 281 14 276 14 271 14 266 14 262 14 258 14 253 14 249 14 245 14 242 0 238 0 234 0 231 0 227 0 224 0 220 0 216 0 213 0 210 0 206 0 203 0 200 0 197 0 193 0 190 0 188 0 185 0 182 0 179 0 177 0 174 16 172 16 169 16 167 16 165 16 163 16 161 16 159 16 157 16 156 16 154 16 153 8 151 8 150 8 149 8 148 8 147 8 147 8 146 8 145 8 145 8 144 8 144 8 144 8 143 8 143 8 143 8 143 8 143 8 143 8
473 14 473 14 473 14 473 14 472 14 472 14 471 14 469 14 467 14 465 14 463 14 460 14 456 14 453 14 448 14 444 14 439 14 434 14 428 14 422 14 416 14 409 14 402 14 395 14 388 14 381 14 374 14 367 14 359 14 352 14 345 14 338 14 331 14 324 14 317 14 311 14 304 14 298 14 292 14 287 14 281 14 276 14 271 14 266 14 262 14 258 14 253 14 249 14 246 14 242 0 238 0 234 0 231 0 227 0 224 0 220 0 217 0 213 0 210 0 206 0 203 0 200 0 197 0 193 0 190 0 187 0 185 0 182 0 179 0 176 0 174 16 171 16 169 16 167 16 165 16 163 16 161 16 159 16 157 16 155 16 154 16 152 8 151 8 150 8 149 8 148 8 147 8 146 8 145 8 145 8 144 8 144 8 143 8 143 8 143 8 143 8 143 8 143 8 143 8 143 8
472 14 472 14 472 14 471 14 471 14 470 14 469 14 468 14 466 14 464 14 462 14 459 14 455 14 452 14 447 14 443 14 438 14 433 14 427 14 421 14 415 14 408 14 401 14 395 14 388 14 380 14 373 14 366 14 359 14 352 14 344 14 337 14 330 14 324 14 317 14 310 14 304 14 298 14 292 14 287 14 281 14 276 14 271 14 266 14 262 14 258 14 253 14 249 14 246 0 242 0 238 0 234 0 231 0 227 0 224 0 220 0 217 0 213 0 210 0 206 0 203 0 200 0 197 0 193 0 190 0 187 0 185 0 182 0 179 0 176 0 174 16 171 16 169 16 167 16 164 16 162 16 160 16 158 16 157 16 155 16 154 16 152 8 151 8 150 8 148 8 147 8 146 8 146 8 145 8 144 8 144 8 143 8 143 8 143 8 142 8 142 8 142 8 142 8 142 8 142 8
470 14 470 14 470 14 470 14 469 14 469 14 468 14 466 14 465 14 462 14 460 14 457 14 454 14 450 14 446 14 441 14 437 14 431 14 426 14 420 14 414 14 407 14 401 14 394 14 387 14 380 14 373 14 365 14 358 14 351 14 344 14 337 14 330 14 323 14 317 14 310 14 304 14 298 14 292 14 287 14 281 14 276 14 271 14 266 14 262 14 258 14 253 14 249 0 246 0 242 0 238 0 234 0 231 0 227 0 224 0 220 0 217 0 213 0 210 0 206 0 203 0 200 0 197 0 193 0 190 0 187 0 184 0 182 0 179 0 176 0 174 16 171 16 169 16 166 16 164 16 162 16 160 16 158 16 156 16 155 16 153 16 152 8 150 8 149 8 148 8 147 8 146 8 145 8 144 8 144 8 143 8 143 8 142 8 142 8 142 8 142 8 141 8 141 8 141 8 141 8
468 14 468 14 468 14 468 14 467 14 467 14 466 14 464 14 463 14 461 14 458 14 455 14 452 14 448 14 444 14 440 14 435 14 430 14 424 14 418 14 412 14 406 14 399 14 393 14 386 14 379 14 372 14 365 14 357 14 350 14 343 14 336 14 330 14 323 14 316 14 310 14 304 14 298 14 292 14 286 14 281 14 276 14 271 14 266 14 262 14 258 14 253 0 249 0 246 0 242 0 238 0 234 0 231 0 227 0 224 0 220 0 217 0 213 0 210 0 206 0 203 0 200 0 197 0 193 0 190 0 187 0 184 0 181 0 179 0 176 0 173 16 171 16 168 16 166 16 164 16 162 16 160 16 158 16 156 16 154 16 152 16 151 8 150 8 148 8 147 8 146 8 145 8 144 8 143 8 143 8 142 8 142 8 141 8 141 8 141 8 141 8 141 8 140 8 140 8 140 8
466 14 466 14 465 14 465 14 465 14 464 14 463 14 462 14 460 14 458 14 456 14 453 14 450 14 446 14 442 14 438 14 433 14 428 14 422 14 417 14 411 14 404 14 398 14 391 14 384 14 378 14 371 14 364 14 357 14 350 14 343 14 336 14 329 14 322 14 316 14 310 14 303 14 297 14 292 14 286 14 281 14 276 14 271 14 266 14 262 14 258 0 253 0 249 0 246 0 242 0 238 0 235 0 231 0 227 0 224 0 220 0 217 0 213 0 210 0 206 0 203 0 200 0 197 0 193 0 190 0 187 0 184 0 181 0 178 0 176 0 173 16 170 16 168 16 166 16 163 16 161 16 159 16 157 16 155 16 153 16 152 16 150 8 149 8 147 8 146 8 145 8 144 8 143 8 143 8 142 8 141 8 141 8 140 8 140 8 140 8 140 8 140 8 139 8 139 8 139 8
463 14 463 14 463 14 462 14 462 14 461 14 460 14 459 14 457 14 455 14 453 14 450 14 447 14 444 14 440 14 435 14 431 14 426 14 420 14 415 14 409 14 403 14 396 14 390 14 383 14 376 14 369 14 362 14 355 14 349 14 342 14 335 14 328 14 322 14 315 14 309 14 303 14 297 14 291 14 286 14 281 14 276 14 271 14 266 14 262 0 257 0 253 0 249 0 246 0 242 0 238 0 235 0 231 0 227 0 224 0 220 0 217 0 213 0 210 0 207 0 203 0 200 0 197 0 193 0 190 0 187 0 184 0 181 0 178 0 175 0 173 16 170 16 168 16 165 16 163 16 161 16 158 16 156 16 154 16 153 16 151 16 149 8 148 8 147 8 145 8 144 8 143 8 142 8 141 8 141 8 140 8 140 8 139 8 139 8 139 8 138 8 138 8 138 8 138 8 138 8
459 14 459 14 459 14 459 14 459 14 458 14 457 14 456 14 454 14 452 14 450 14 447 14 444 14 441 14 437 14 433 14 428 14 423 14 418 14 412 14 407 14 400 14 394 14 388 14 381 14 375 14 368 14 361 14 354 14 347 14 341 14 334 14 327 14 321 14 315 14 309 14 303 14 297 14 291 14 286 14 280 14 275 14 271 14 266 0 262 0 257 0 253 0 249 0 246 0 242 0 238 0 235 0 231 0 227 0 224 0 220 0 217 0 213 0 210 0 207 0 203 0 200 0 197 0 193 0 190 0 187 0 184 0 181 0 178 0 175 0 172 16 170 16 167 16 165 16 162 16 160 16 158 16 156 16 154 16 152 16 150 16 148 8 147 8 146 8 144 8 143 8 142 8 141 8 140 8 140 8 139 8 138 8 138 8 138 8 137 8 137 8 137 8 137 8 137 8 137 8
456 14 456 14 456 14 455 14 455 14 454 14 453 14 452 14 451 14 449 14 447 14 444 14 441 14 438 14 434 14 430 14 425 14 420 14 415 14 410 14 404 14 398 14 392 14 386 14 379 14 373 14 366 14 360 14 353 14 346 14 340 14 333 14 327 14 320 14 314 14 308 14 302 14 296 14 291 14 285 14 280 14 275 14 271 0 266 0 262 0 257 0 253 0 249 0 246 0 242 0 238 0 235 0 231 0 228 0 224 0 220 0 217 0 214 0 210 0 207 0 203 0 200 0 197 0 193 0 190 0 187 0 184 0 181 0 178 0 175 0 172 16 169 16 167 16 164 16 162 16 159 16 157 16 155 16 153 16 151 16 149 16 147 8 146 8 144 8 143 8 142 8 141 8 140 8 139 8 138 8 137 8 137 8 136 8 136 8 136 8 136 8 135 8 135 8 135 8 135 8
452 14 452 14 452 14 451 14 451 14 450 14 449 14 448 14 447 14 445 14 443 14 440 14 437 14 434 14 430 14 426 14 422 14 417 14 412 14 407 14 401 14 396 14 390 14 383 14 377 14 371 14 364 14 358 14 351 14 345 14 338 14 332 14 326 14 319 14 313 14 307 14 301 14 296 14 290 14 285 14 280 14 275 0 270 0 266 0 261 0 257 0 253 0 249 0 246 0 242 0 238 0 235 0 231 0 228 0 224 0 221 0 217 0 214 0 210 0 207 0 203 0 200 0 197 0 193 0 190 0 187 0 184 0 180 0 177 0 174 0 172 16 169 16 166 16 163 16 161 16 158 16 156 16 154 16 152 16 150 16 148 16 146 8 145 8 143 8 142 8 140 8 139 8 138 8 137 8 137 8 136 8 135 8 135 8 134 8 134 8 134 8 134 8 134 8 134 8 134 8
447 14 447 14 447 14 447 14 446 14 446 14 445 14 444 14 442 14 441 14 439 14 436 14 433 14 430 14 426 14 423 14 418 14 414 14 409 14 404 14 398 14 393 14 387 14 381 14 375 14 369 14 362 14 356 14 350 14 343 14 337 14 331 14 324 14 318 14 312 14 306 14 301 14 295 14 290 14 285 14 280 0 275 0 270 0 266 0 261 0 257 0 253 0 249 0 246 0 242 0 238 0 235 0 231 0 228 0 224 0 221 0 217 0 214 0 210 0 207 0 203 0 200 0 196 0 193 0 190 0 187 0 183 0 180 0 177 0 174 0 171 16 168 16 165 16 163 16 160 16 158 16 155 16 153 16 151 16 149 16 147 16 145 8 143 8 142 8 140 8 139 8 138 8 137 8 136 8 135 8 134 8 134 8 133 8 133 8 132 8 132 8 132 8 132 8 132 8 132 8
442 14 442 14 442 14 442 14 442 14 441 14 440 14 439 14 438 14 436 14 434 14 432 14 429 14 426 14 422 14 418 14 414 14 410 14 405 14 400 14 395 14 390 14 384 14 378 14 372 14 366 14 360 14 354 14 348 14 341 14 335 14 329 14 323 14 317 14 311 14 306 14 300 14 294 14 289 14 284 0 279 0 274 0 270 0 265 0 261 0 257 0 253 0 249 0 246 0 242 0 238 0 235 0 231 0 228 0 224 0 221 0 217 0 214 0 210 0 207 0 203 0 200 0 196 0 193 0 190 0 186 0 183 0 180 0 177 0 174 0 171 16 168 16 165 16 162 16 159 16 157 16 154 16 152 16 150 16 147 16 145 16 144 8 142 8 140 8 139 8 137 8 136 8 135 8 134 8 133 8 132 8 132 8 131 8 131 8 131 8 130 8 130 8 130 8 130 8 130 8
437 14 437 14 437 14 437 14 436 14 436 14 435 14 434 14 433 14 431 14 429 14 427 14 424 14 421 14 418 14 414 14 410 14 406 14 401 14 397 14 392 1 386 1 381 1 375 1 369 1 364 1 358 1 352 1 346 1 340 1 334 1 328 1 322 1 316 1 310 1 305 1 299 1 294 1 289 0 284 0 279 0 274 0 270 0 265 0 261 0 257 0 253 0 249 0 246 0 242 0 238 0 235 0 231 0 228 0 224 0 221 0 217 0 214 0 210 0 207 0 203 0 200 0 196 0 193 0 190 0 186 0 183 0 180 0 176 0 173 0 170 16 167 16 164 16 161 16 158 16 156 16 153 16 151 16 148 16 146 16 144 16 142 8 140 8 139 8 137 8 136 8 134 8 133 8 132 8 131 8 130 8 130 8 129 8 129 8 129 8 128 8 128 8 128 8 128 8 128 8
432 14 432 14 431 14 431 14 431 14 430 14 430 14 429 14 427 14 426 14 424 14 422 14 419 14 416 14 413 14 410 14 406 14 402 14 397 14 393 1 388 1 383 1 377 1 372 1 366 1 361 1 355 1 349 1 343 1 338 1 332 1 326 1 320 1 315 1 309 1 303 1 298 1 293 1 288 0 283 0 278 0 274 0 269 0 265 0 261 0 257 0 253 0 249 0 245 0 242 0 238 0 235 0 231 0 228 0 224 0 221 0 217 0 214 0 210 0 207 0 203 0 200 0 196 0 193 0 189 0 186 0 183 0 179 0 176 0 173 0 169 16 166 16 163 16 160 16 157 16 155 16 152 16 149 16 147 16 145 16 143 16 141 8 139 8 137 8 135 8 134 8 133 8 131 8 130 8 129 8 128 8 128 8 127 8 127 8 126 8 126 8 126 8 126 8 126 8 126 8
426 14 426 14 426 14 425 14 425 14 425 14 424 14 423 14 422 14 420 14 418 14 416 14 414 14 411 14 408 14 405 14 401 14 397 14 393 1 388 1 384 1 379 1 374 1 369 1 363 1 358 1 352 1 347 1 341 1 335 1 330 1 324 1 319 1 313 1 308 1 302 1 297 1 292 1 287 0 282 0 278 0 273 0 269 0 265 0 260 0 257 0 253 0 249 0 245 0 242 0 238 0 235 0 231 0 228 0 224 0 221 0 217 0 214 0 210 0 207 0 203 0 200 0 196 0 193 0 189 0 186 0 182 0 179 0 175 0 172 0 169 16 166 16 162 16 159 16 156 16 154 16 151 16 148 16 146 16 143 16 141 16 139 8 137 8 135 8 134 8 132 8 131 8 129 8 128 8 127 8 126 8 126 8 125 8 125 8 124 8 124 8 124 8 124 8 124 8 124 8
420 14 420 14 420 14 419 14 419 14 419 14 418 14 417 14 416 14 414 14 413 14 411 14 408 14 406 14 403 14 400 14 396 14 392 1 388 1 384 1 380 1 375 1 370 1 365 1 360 1 355 1 349 1 344 1 339 1 333 1 328 1 322 1 317 1 312 1 306 1 301 1 296 1 291 1 286 0 282 0 277 0 273 0 268 0 264 0 260 0 256 0 252 0 249 0 245 0 242 0 238 0 235 0 231 0 228 0 224 0 221 0 218 0 214 0 211 0 207 0 203 0 200 0 196 0 193 0 189 0 185 0 182 0 178 0 175 0 172 0 168 16 165 16 162 16 158 16 155 16 153 16 150 16 147 16 144 16 142 16 140 16 137 8 135 8 133 8 132 8 130 8 129 8 127 8 126 8 125 8 124 8 123 8 123 8 122 8 122 8 122 8 121 8 121 8 121 8 121 8
413 14 413 14 413 14 413 14 413 14 412 14 412 14 411 14 410 14 408 14 407 14 405 14 403 14 400 14 397 14 394 14 391 1 387 1 384 1 379 1 375 1 371 1 366 1 361 1 356 1 351 1 346 1 341 1 336 1 331 1 325 1 320 1 315 1 310 1 305 1 300 1 295 1 290 1 285 0 281 0 276 0 272 0 268 0 264 0 260 0 256 0 252 0 249 0 245 0 242 0 238 0 235 0 231 0 228 0 224 0 221 0 218 0 214 0 211 0 207 0 203 0 200 0 196 0 193 0 189 0 185 0 182 0 178 0 174 0 171 0 167 16 164 16 161 16 158 16 154 16 151 16 148 16 146 16 143 16 140 16 138 16 136 8 134 8 132 8 130 8 128 8 127 8 125 8 124 8 123 8 122 8 121 8 121 8 120 8 120 8 119 8 119 8 119 8 119 8 119 8
407 14 407 14 407 14 407 14 406 14 406 14 405 14 404 14 403 14 402 14 401 14 399 14 397 14 394 14 392 14 389 1 386 1 382 1 379 1 375 1 371 1 366 1 362 1 357 1 353 1 348 1 343 1 338 1 333 1 328 1 323 1 318 1 313 1 308 1 303 1 298 1 294 1 289 1 284 0 280 0 276 0 271 0 267 0 263 0 259 0 256 0 252 0 248 0 245 0 241 0 238 0 235 0 231 0 228 0 224 0 221 0 218 0 214 0 211 0 207 0 203 0 200 0 196 0 192 0 189 0 185 0 181 0 178 0 174 0 170 0 167 16 163 16 160 16 157 16 153 16 150 16 147 16 144 16 142 16 139 16 136 16 134 8 132 8 130 8 128 8 126 8 125 8 123 8 122 8 121 8 120 8 119 8 118 8 118 8 117 8 117 8 117 8 117 8 117 8 117 8
400 14 400 14 400 14 400 14 400 14 399 14 399 14 398 14 397 14 396 14 394 14 392 14 390 14 388 14 386 1 383 1 380 1 377 1 373 1 370 1 366 1 362 1 358 1 353 1 349 1 344 1 340 1 335 1 330 1 325 1 321 1 316 1 311 1 306 1 302 1 297 1 292 1 288 1 283 0 279 0 275 0 271 0 267 0 263 0 259 0 255 0 252 0 248 0 245 0 241 0 238 0 235 0 231 0 228 0 224 0 221 0 218 0 214 0 211 0 207 0 203 0 200 0 196 0 192 0 188 0 185 0 181 0 177 0 173 0 170 0 166 16 163 16 159 16 156 16 152 16 149 16 146 16 143 16 140 16 137 16 135 16 132 8 130 8 128 8 126 8 124 8 123 8 121 8 120 8 119 8 118 8 117 8 116 8 115 8 115 8 115 8 114 8 114 8 114 8 114 8
393 1 393 1 393 1 393 1 393 1 392 1 392 1 391 1 390 1 389 1 388 1 386 1 384 1 382 1 380 1 377 1 374 1 371 1 368 1 365 1 361 1 357 1 353 1 349 1 345 1 341 1 336 1 332 1 327 1 323 1 318 1 314 1 309 1 304 1 300 1 295 1 291 1 287 1 282 0 278 0 274 0 270 0 266 0 262 0 258 0 255 0 251 0 248 0 244 0 241 0 238 0 234 0 231 0 228 0 224 0 221 0 218 0 214 0 211 0 207 0 203 0 200 0 196 0 192 0 188 0 184 0 181 0 177 0 173 0 169 0 165 16 162 16 158 16 155 16 151 16 148 16 145 16 142 16 139 16 136 16 133 16 131 8 128 8 126 8 124 8 122 8 120 8 119 8 118 8 116 8 115 8 114 8 114 8 113 8 113 8 112 8 112 8 112 8 112 8 112 8
386 1 386 1 386 1 386 1 386 1 385 1 385 1 384 1 383 1 382 1 381 1 380 1 378 1 376 1 374 1 371 1 369 1 366 1 363 1 360 1 356 1 353 1 349 1 345 1 341 1 337 1 333 1 329 1 324 1 320 1 315 1 311 1 307 1 302 1 298 1 294 1 289 1 285 1 281 0 277 0 273 0 269 0 265 0 262 0 258 0 254 0 251 0 247 0 244 0 241 0 237 0 234 0 231 0 228 0 224 0 221 0 218 0 214 0 210 0 207 0 203 0 199 0 196 0 192 0 188 0 184 0 180 0 176 0 172 0 169 0 165 16 161 16 157 16 154 16 150 16 147 16 143 16 140 16 137 16 134 16 131 16 129 8 126 8 124 8 122 8 120 8 118 8 117 8 115 8 114 8 113 8 112 8 111 8 111 8 110 8 110 8 110 8 110 8 110 8 110 8
379 1 379 1 379 1 379 1 379 1 378 1 378 1 377 1 377 1 376 1 374 1 373 1 371 1 370 1 368 1 365 1 363 1 360 1 357 1 354 1 351 1 348 1 344 1 341 1 337 1 333 1 329 1 325 1 321 1 317 1 313 1 309 1 304 1 300 1 296 1 292 1 288 1 284 1 280 0 276 0 272 0 268 0 264 0 261 0 257 0 254 0 250 0 247 0 244 0 240 0 237 0 234 0 231 0 227 0 224 0 221 0 217 0 214 0 210 0 207 0 203 0 199 0 196 0 192 0 188 0 184 0 180 0 176 0 172 0 168 0 164 16 160 16 156 16 153 16 149 16 145 16 142 16 139 16 136 16 133 16 130 16 127 8 125 8 122 8 120 8 118 8 116 8 115 8 113 8 112 8 111 8 110 8 109 8 109 8 108 8 108 8 107 8 107 8 107 8 107 8
372 1 372 1 372 1 372 1 372 1 371 1 371 1 370 1 370 1 369 1 368 1 366 1 365 1 363 1 361 1 359 1 357 1 355 1 352 1 349 1 346 1 343 1 340 1 336 1 333 1 329 1 325 1 322 1 318 1 314 1 310 1 306 1 302 1 298 1 294 1 290 1 286 1 282 1 278 0 275 0 271 0 267 0 264 0 260 0 257 0 253 0 250 0 246 0 243 0 240 0 237 0 234 0 230 0 227 0 224 0 221 0 217 0 214 0 210 0 207 0 203 0 199 0 195 0 191 0 187 0 183 0 179 0 175 0 171 0 167 0 163 16 159 16 155 16 152 16 148 16 144 16 141 16 137 16 134 16 131 16 128 16 125 8 123 8 121 8 118 8 116 8 114 8 113 8 111 8 110 8 109 8 108 8 107 8 106 8 106 8 106 8 105 8 105 8 105 8 105 8
365 1 365 1 365 1 365 1 365 1 364 1 364 1 363 1 363 1 362 1 361 1 360 1 358 1 357 1 355 1 353 1 351 1 349 1 346 1 344 1 341 1 338 1 335 1 332 1 329 1 325 1 322 1 318 1 314 1 311 1 307 1 303 1 300 1 296 1 292 1 288 1 284 1 281 1 277 0 273 0 270 0 266 0 263 0 259 0 256 0 252 0 249 0 246 0 243 0 240 0 236 0 233 0 230 0 227 0 224 0 221 0 217 0 214 0 210 0 207 0 203 0 199 0 195 0 191 0 187 0 183 0 179 0 175 0 171 0 167 0 163 16 159 16 155 16 151 16 147 16 143 16 140 16 136 16 133 16 130 16 127 16 124 8 121 8 119 8 116 8 114 8 112 8 111 8 109 8 108 8 107 8 106 8 105 8 104 8 104 8 103 8 103 8 103 8 103 8 103 8
358 1 358 1 358 1 358 1 358 1 357 1 357 1 357 1 356 1 355 1 354 1 353 1 352 1 350 1 349 1 347 1 345 1 343 1 341 1 338 1 336 1 333 1 330 1 327 1 324 1 321 1 318 1 314 1 311 1 308 1 304 1 301 1 297 1 293 1 290 1 286 1 283 1 279 1 275 0 272 0 268 0 265 0 262 0 258 0 255 0 252 0 248 0 245 0 242 0 239 0 236 0 233 0 230 0 227 0 224 0 220 0 217 0 214 0 210 0 206 0 203 0 199 0 195 0 191 0 187 0 183 0 179 0 174 0 170 0 166 0 162 16 158 16 154 16 150 16 146 16 142 16 138 16 135 16 131 16 128 16 125 16 122 8 120 8 117 8 115 8 113 8 111 8 109 8 107 8 106 8 105 8 104 8 103 8 102 8 102 8 101 8 101 8 101 8 101 8 101 8
351 1 351 1 351 1 351 1 351 1 350 1 350 1 350 1 349 1 348 1 348 1 347 1 345 1 344 1 343 1 341 1 339 1 337 1 335 1 333 1 331 1 328 1 326 1 323 1 320 1 317 1 314 1 311 1 308 1 304 1 301 1 298 1 294 1 291 1 288 1 284 1 281 1 277 1 274 0 271 0 267 0 264 0 261 0 257 0 254 0 251 0 248 0 245 0 242 0 239 0 236 0 233 0 229 0 226 0 223 0 220 0 217 0 213 0 210 0 206 0 203 0 199 0 195 0 191 0 187 0 182 0 178 0 174 0 170 0 165 0 161 16 157 16 153 16 149 16 145 16 141 16 137 16 134 16 130 16 127 16 124 16 121 8 118 8 115 8 113 8 111 8 109 8 107 8 105 8 104 8 103 8 102 8 101 8 100 8 100 8 99 8 99 8 99 8 99 8 99 8
344 1 344 1 344 1 344 1 344 1 344 1 343 1 343 1 342 1 342 1 341 1 340 1 339 1 338 1 336 1 335 1 333 1 332 1 330 1 328 1 326 1 323 1 321 1 318 1 316 1 313 1 310 1 307 1 304 1 301 1 298 1 295 1 292 1 289 1 285 1 282 1 279 1 276 1 272 0 269 0 266 0 263 0 259 0 256 0 253 0 250 0 247 0 244 0 241 0 238 0 235 0 232 0 229 0 226 0 223 0 220 0 217 0 213 0 210 0 206 0 202 0 198 0 194 0 190 0 186 0 182 0 178 0 173 0 169 0 165 0 161 16 156 16 152 16 148 16 144 16 140 16 136 16 132 16 129 16 126 16 122 16 119 8 117 8 114 8 111 8 109 8 107 8 105 8 104 8 102 8 101 8 100 8 99 8 98 8 98 8 97 8 97 8 97 8 97 8 97 8
337 1 337 1 337 1 337 1 337 1 337 1 337 1 336 1 336 1 335 1 334 1 334 1 333 1 332 1 330 1 329 1 328 1 326 1 324 1 322 1 320 1 318 1 316 1 314 1 311 1 309 1 306 1 303 1 301 1 298 1 295 1 292 1 289 1 286 1 283 1 280 1 277 1 274 1 271 0 267 0 264 0 261 0 258 0 255 0 252 0 249 0 246 0 243 0 240 0 237 0 234 0 231 0 229 0 226 0 223 0 219 0 216 0 213 0 209 0 206 0 202 0 198 0 194 0 190 0 186 0 182 0 177 0 173 0 169 0 164 0 160 16 156 16 151 16 147 16 143 16 139 16 135 16 131 16 128 16 124 16 121 16 118 8 115 8 112 8 110 8 108 8 106 8 104 8 102 8 101 8 99 8 98 8 97 8 97 8 96 8 96 8 95 8 95 8 95 8 95 8
331 1 331 1 330 1 330 1 330 1 330 1 330 1 330 1 329 1 329 1 328 1 327 1 326 1 326 1 324 1 323 1 322 1 320 1 319 1 317 1 315 1 313 1 311 1 309 1 307 1 305 1 302 1 300 1 297 1 295 1 292 1 289 1 286 1 283 1 281 1 278 1 275 1 272 1 269 1 266 0 263 0 260 0 257 0 254 0 251 0 248 0 245 0 242 0 239 0 237 0 234 0 231 0 228 0 225 0 222 0 219 0 216 0 213 0 209 0 206 0 202 0 198 0 194 0 190 0 186 0 181 0 177 0 173 0 168 0 164 16 159 16 155 16 151 16 146 16 142 16 138 16 134 16 130 16 127 16 123 16 120 16 117 8 114 8 111 8 109 8 106 8 104 8 102 8 100 8 99 8 98 8 97 8 96 8 95 8 94 8 94 8 94 8 93 8 93 8 93 8
324 1 324 1 324 1 324 1 324 1 324 1 323 1 323 1 323 1 322 1 322 1 321 1 320 1 320 1 319 1 317 1 316 1 315 1 314 1 312 1 310 1 309 1 307 1 305 1 303 1 301 1 298 1 296 1 294 1 291 1 289 1 286 1 284 1 281 1 278 1 275 1 273 1 270 1 267 1 264 1 261 0 258 0 256 0 253 0 250 0 247 0 244 0 241 0 239 0 236 0 233 0 230 0 227 0 225 0 222 0 219 0 215 0 212 0 209 0 205 0 201 0 198 0 194 0 189 0 185 0 181 0 177 0 172 0 168 16 163 16 159 16 154 16 150 16 146 16 141 16 137 16 133 16 129 16 126 16 122 16 119 16 116 8 113 8 110 8 107 8 105 8 103 8 101 8 99 8 97 8 96 8 95 8 94 8 93 8 93 8 92 8 92 8 92 8 92 8 92 8
318 1 318 1 318 1 318 1 318 1 317 1 317 1 317 1 317 1 316 1 316 1 315 1 314 1 314 1 313 1 312 1 311 1 310 1 308 1 307 1 305 1 304 1 302 1 300 1 299 1 297 1 295 1 292 1 290 1 288 1 286 1 283 1 281 1 278 1 276 1 273 1 270 1 268 1 265 1 262 1 260 0 257 0 254 0 251 0 249 0 246 0 243 0 240 0 238 0 235 0 232 0 230 0 227 0 224 0 221 0 218 0 215 0 212 0 208 0 205 0 201 0 197 0 193 0 189 0 185 0 181 0 176 0 172 16 167 16 163 16 158 16 154 16 149 16 145 16 141 16 136 16 132 16 128 16 125 16 121 16 118 16 114 8 111 8 109 8 106 8 104 8 101 8 99 8 98 8 96 8 95 8 94 8 93 8 92 8 91 8 91 8 91 8 90 8 90 8 90 8
312 1 312 1 311 1 311 1 311 1 311 1 311 1 311 1 311 1 310 1 310 1 309 1 309 1 308 1 307 1 306 1 305 1 304 1 303 1 302 1 301 1 299 1 298 1 296 1 294 1 293 1 291 1 289 1 287 1 285 1 282 1 280 1 278 1 276 1 273 1 271 1 268 1 266 1 263 1 261 1 258 0 255 0 253 0 250 0 247 0 245 0 242 0 239 0 237 0 234 0 231 0 229 0 226 0 223 0 221 0 218 0 215 0 211 0 208 0 204 0 201 0 197 0 193 0 189 0 185 0 180 0 176 16 171 16 167 16 162 16 158 16 153 16 149 16 144 16 140 16 136 16 132 16 128 16 124 16 120 16 117 16 113 8 110 8 108 8 105 8 102 8 100 8 98 8 97 8 95 8 94 8 92 8 92 8 91 8 90 8 90 8 89 8 89 8 89 8 89 8
306 1 306 1 306 1 306 1 305 1 305 1 305 1 305 1 305 1 304 1 304 1 304 1 303 1 303 1 302 1 301 1 300 1 299 1 298 1 297 1 296 1 295 1 293 1 292 1 290 1 289 1 287 1 285 1 283 1 281 1 279 1 277 1 275 1 273 1 271 1 268 1 266 1 264 1 261 1 259 1 256 18 254 18 251 18 249 18 246 18 243 18 241 18 238 18 236 18 233 18 230 18 228 18 225 18 223 18 220 18 217 18 214 18 211 0 208 0 204 0 200 0 197 0 193 0 188 0 184 0 180 16 175 16 171 16 166 16 162 16 157 16 153 16 148 16 144 16 139 16 135 16 131 16 127 16 123 16 119 16 116 16 113 8 110 8 107 8 104 8 102 8 99 8 97 8 95 8 94 8 93 8 91 8 90 8 90 8 89 8 89 8 88 8 88 8 88 8 88 8
300 1 300 1 300 1 300 1 300 1 300 1 300 1 299 1 299 1 299 1 299 1 298 1 298 1 297 1 297 1 296 1 295 1 294 1 293 1 292 1 291 1 290 1 289 1 288 1 286 1 285 1 283 1 281 1 280 1 278 1 276 1 274 1 272 1 270 1 268 1 266 1 264 1 261 1 259 1 257 18 254 18 252 18 249 18 247 18 245 18 242 18 240 18 237 18 235 18 232 18 230 18 227 18 225 18 222 18 219 18 216 18 213 18 210 18 207 0 204 0 200 0 196 0 192 0 188 0 184 16 180 16 175 16 171 16 166 16 161 16 157 16 152 16 148 16 143 16 139 16 134 16 130 16 126 16 122 16 119 16 115 16 112 8 109 8 106 8 103 8 101 8 98 8 96 8 95 8 93 8 92 8 90 8 89 8 89 8 88 8 88 8 87 8 87 8 87 8 87 8
294 17 294 17 294 17 294 17 294 17 294 17 294 17 294 17 294 17 294 17 293 17 293 17 293 17 292 17 292 17 291 17 290 17 290 17 289 17 288 1 287 1 286 1 285 1 283 1 282 1 281 1 279 1 278 1 276 1 275 1 273 1 271 1 269 1 267 1 265 1 263 1 261 1 259 1 257 18 255 18 252 18 250 18 248 18 245 18 243 18 241 18 238 18 236 18 233 18 231 18 228 18 226 18 224 18 221 18 218 18 216 18 213 18 210 18 207 18 203 18 200 18 196 18 192 18 188 16 183 16 179 16 175 16 170 16 166 16 161 16 156 16 152 16 147 16 143 16 138 16 134 16 130 16 126 16 122 16 118 16 115 16 111 8 108 8 105 8 102 8 100 8 98 8 96 8 94 8 92 8 91 8 90 8 89 8 88 8 87 8 87 8 86 8 86 8 86 8 86 8
289 17 289 17 289 17 289 17 289 17 289 17 289 17 289 17 289 17 288 17 288 17 288 17 287 17 287 17 287 17 286 17 286 17 285 17 284 17 283 17 283 1 282 1 281 1 279 1 278 1 277 1 276 1 274 1 273 1 271 1 270 1 268 1 266 1 265 1 263 1 261 1 259 1 257 18 255 18 253 18 250 18 248 18 246 18 244 18 241 18 239 18 237 18 234 18 232 18 230 18 227 18 225 18 223 18 220 18 218 18 215 18 212 18 209 18 206 18 203 18 199 18 195 18 191 18 187 16 183 16 179 16 174 16 170 16 165 16 161 16 156 16 151 16 147 16 142 16 138 16 134 16 129 16 125 16 121 16 118 16 114 16 111 8 108 8 105 8 102 8 99 8 97 8 95 8 93 8 92 8 90 8 89 8 88 8 87 8 87 8 86 8 86 8 86 8 85 8 85 8
284 17 284 17 284 17 284 17 284 17 284 17 284 17 284 17 284 17 283 17 283 17 283 17 283 17 282 17 282 17 281 17 281 17 280 17 280 17 279 17 278 17 277 17 277 17 276 17 275 17 273 17 272 17 271 17 270 17 268 17 267 17 265 17 264 17 262 17 260 17 258 17 256 17 255 18 253 18 251 18 248 18 246 18 244 18 242 18 240 18 238 18 235 18 233 18 231 18 229 18 226 18 224 18 222 18 219 18 217 18 214 18 211 18 208 18 205 18 202 18 199 18 195 18 191 18 187 18 183 16 178 16 174 16 170 16 165 16 160 16 156 16 151 16 147 16 142 16 138 16 133 16 129 16 125 16 121 16 117 16 114 8 110 8 107 8 104 8 101 8 99 8 97 8 95 8 93 8 91 8 90 8 88 8 87 8 87 8 86 8 86 8 85 8 85 8 85 8 85 8
279 17 279 17 279 17 279 17 279 17 279 17 279 17 279 17 279 17 279 17 278 17 278 17 278 17 278 17 277 17 277 17 277 17 276 17 275 17 275 17 274 17 273 17 273 17 272 17 271 17 270 17 269 17 268 17 266 17 265 17 264 17 262 17 261 17 259 17 257 17 256 17 254 17 252 18 250 18 248 18 246 18 244 18 242 18 240 18 238 18 236 18 234 18 232 18 229 18 227 18 225 18 223 18 221 18 218 18 216 18 213 18 211 18 208 18 205 18 201 18 198 18 194 18 190 18 186 18 182 18 178 16 174 16 169 16 165 16 160 16 155 16 151 16 146 16 142 16 137 16 133 16 129 16 125 16 121 16 117 8 113 8 110 8 107 8 104 8 101 8 99 8 96 8 94 8 92 8 91 8 89 8 88 8 87 8 86 8 86 8 85 8 85 8 85 8 85 8 84 8
275 17 275 17 275 17 275 17 274 17 274 17 274 17 274 17 274 17 274 17 274 17 274 17 274 17 273 17 273 17 273 17 272 17 272 17 271 17 271 17 270 17 270 17 269 17 268 17 267 17 266 17 265 17 264 17 263 17 262 17 261 17 259 17 258 17 256 17 255 17 253 17 252 17 250 17 248 18 246 18 244 18 242 18 240 18 238 18 236 18 234 18 232 18 230 18 228 18 226 18 224 18 222 18 220 18 217 18 215 18 213 18 210 18 207 18 204 18 201 18 197 18 194 18 190 18 186 18 182 18 178 16 173 16 169 16 164 16 160 16 155 16 151 16 146 16 142 16 137 16 133 16 128 16 124 16 120 8 117 8 113 8 110 8 107 8 104 8 101 8 98 8 96 8 94 8 92 8 90 8 89 8 88 8 87 8 86 8 85 8 85 8 85 8 84 8 84 8 84 8
270 17 270 17 270 17 270 17 270 17 270 17 270 17 270 17 270 17 270 17 270 17 270 17 269 17 269 17 269 17 269 17 268 17 268 17 267 17 267 17 266 17 266 17 265 17 264 17 264 17 263 17 262 17 261 17 260 17 259 17 258 17 256 17 255 17 254 17 252 17 251 17 249 17 247 17 246 6 244 6 242 6 240 6 239 6 237 6 235 6 233 6 231 6 229 6 227 6 225 6 223 6 221 6 219 6 216 6 214 18 212 18 209 18 206 18 203 18 200 18 197 18 193 18 190 18 186 18 182 18 177 16 173 16 169 16 164 16 160 16 155 16 150 16 146 16 141 16 137 16 133 16 128 16 124 16 120 8 117 8 113 8 110 8 106 8 103 8 101 8 98 8 96 8 94 8 92 8 90 8 89 8 88 8 87 8 86 8 85 8 85 8 84 8 84 8 84 8 84 8
266 17 266 17 266 17 266 17 266 17 266 17 266 17 266 17 266 17 266 17 266 17 265 17 265 17 265 17 265 17 265 17 264 17 264 17 264 17 263 17 263 17 262 17 261 17 261 17 260 17 259 17 258 17 258 17 257 17 256 17 255 17 253 17 252 17 251 17 250 17 248 17 247 17 245 6 243 6 242 6 240 6 238 6 237 6 235 6 233 6 231 6 229 6 227 6 225 6 223 6 221 6 219 6 217 6 215 6 213 6 211 18 208 18 206 18 203 18 200 18 196 18 193 18 189 18 185 18 181 18 177 16 173 16 168 16 164 16 159 16 155 16 150 16 146 16 141 16 137 16 133 16 128 16 124 16 120 8 117 8 113 8 110 8 106 8 103 8 101 8 98 8 96 8 94 8 92 8 90 8 89 8 88 8 87 8 86 8 85 8 85 8 84 8 84 8 84 8 84 8
262 17 262 17 262 17 262 17 262 17 262 17 262 17 262 17 262 17 262 17 262 17 261 17 261 17 261 17 261 17 261 17 260 17 260 17 260 17 259 17 259 17 258 17 258 17 257 17 257 17 256 17 255 17 254 17 254 17 253 17 252 17 250 17 249 17 248 17 247 17 246 17 244 6 243 6 241 6 240 6 238 6 236 6 235 6 233 6 231 6 229 6 227 6 226 6 224 6 222 6 220 6 218 6 216 6 214 6 212 6 210 6 207 18 205 18 202 18 199 18 196 18 192 18 189 18 185 18 181 18 177 16 172 16 168 16 164 16 159 16 155 16 150 16 146 16 141 16 137 16 132 16 128 16 124 16 120 12 117 12 113 12 110 12 106 12 104 12 101 8 98 8 96 8 94 8 92 8 90 8 89 8 88 8 87 8 86 8 85 8 85 8 85 8 84 8 84 8 84 8
258 3 258 3 258 3 258 3 258 3 258 3 258 3 258 3 258 3 258 3 258 3 258 3 257 3 257 3 257 3 257 3 257 3 256 3 256 3 256 3 255 3 255 3 254 3 254 3 253 3 253 3 252 3 251 3 250 3 250 3 249 3 248 3 247 3 245 3 244 3 243 6 242 6 240 6 239 6 237 6 236 6 234 6 233 6 231 6 229 6 228 6 226 6 224 6 222 6 220 6 219 6 217 6 215 6 213 6 211 6 209 6 206 6 204 6 201 6 198 6 195 6 192 6 188 6 184 6 180 6 176 6 172 16 168 16 163 16 159 16 155 16 150 16 146 16 141 16 137 16 133 16 128 16 124 12 120 12 117 12 113 12 110 12 107 12 104 12 101 12 98 8 96 8 94 8 92 8 91 8 89 8 88 8 87 8 86 8 86 8 85 8 85 8 85 8 84 8 84 8
254 3 254 3 254 3 254 3 254 3 254 3 254 3 254 3 254 3 254 3 254 3 254 3 254 3 254 3 254 3 253 3 253 3 253 3 253 3 252 3 252 3 252 3 251 3 251 3 250 3 249 3 249 3 248 3 247 3 247 3 246 3 245 3 244 3 243 3 242 3 240 6 239 6 238 6 236 6 235 6 234 6 232 6 231 6 229 6 227 6 226 6 224 6 222 6 221 6 219 6 217 6 215 6 214 6 212 6 210 6 208 6 205 6 203 6 200 6 197 6 194 6 191 6 188 6 184 6 180 6 176 6 172 6 168 16 163 16 159 16 154 16 150 16 146 16 141 16 137 16 133 16 128 12 124 12 121 12 117 12 113 12 110 12 107 12 104 12 101 12 99 12 96 8 94 8 92 8 91 8 89 8 88 8 87 8 86 8 86 8 85 8 85 8 85 8 85 8 85 8
250 3 250 3 250 3 250 3 250 3 250 3 250 3 250 3 250 3 250 3 250 3 250 3 250 3 250 3 250 3 250 3 250 3 249 3 249 3 249 3 249 3 248 3 248 3 247 3 247 3 246 3 246 3 245 3 244 3 244 3 243 3 242 3 241 3 240 3 239 3 238 3 237 6 235 6 234 6 233 6 231 6 230 6 229 6 227 6 226 6 224 6 222 6 221 6 219 6 217 6 216 6 214 6 212 6 211 6 209 6 207 6 205 6 202 6 200 6 197 6 194 6 190 6 187 6 183 6 180 6 176 6 172 6 167 16 163 16 159 16 154 16 150 16 146 16 141 16 137 16 133 12 129 12 125 12 121 12 117 12 114 12 110 12 107 12 104 12 101 12 99 12 97 12 95 8 93 8 91 8 90 8 89 8 88 8 87 8 86 8 86 8 85 8 85 8 85 8 85 8
247 3 247 3 247 3 247 3 247 3 247 3 247 3 247 3 247 3 247 3 247 3 247 3 247 3 247 3 246 3 246 3 246 3 246 3 246 3 245 3 245 3 245 3 245 3 244 3 244 3 243 3 243 3 242 3 241 3 241 3 240 3 239 3 238 3 237 3 236 3 235 3 234 3 233 6 232 6 231 6 229 6 228 6 227 6 225 6 224 6 222 6 221 6 219 6 218 6 216 6 214 6 213 6 211 6 210 6 208 6 206 6 204 6 201 6 199 6 196 6 193 6 190 6 186 6 183 6 179 6 175 6 171 6 167 16 163 16 159 16 154 16 150 16 146 16 141 16 137 12 133 12 129 12 125 12 121 12 117 12 114 12 110 12 107 12 104 12 102 12 99 12 97 12 95 12 93 12 91 12 90 12 89 12 88 12 87 12 86 12 86 12 86 12 85 12 85 12 85 12
243 3 243 3 243 3 243 3 243 3 243 3 243 3 243 3 243 3 243 3 243 3 243 3 243 3 243 3 243 3 243 3 243 3 243 3 242 3 242 3 242 3 242 3 241 3 241 3 240 3 240 3 240 3 239 3 238 3 238 3 237 3 236 3 235 3 235 3 234 3 233 3 232 3 231 6 229 6 228 6 227 6 226 6 224 6 223 6 222 6 220 6 219 6 217 6 216 6 214 6 213 6 212 6 210 6 208 6 207 6 205 6 203 6 200 6 198 6 195 6 192 6 189 6 186 6 182 6 179 6 175 6 171 6 167 16 163 16 158 16 154 16 150 16 146 16 141 12 137 12 133 12 129 12 125 12 121 12 117 12 114 12 111 12 108 12 105 12 102 12 100 12 97 12 95 12 93 12 92 12 90 12 89 12 88 12 87 12 87 12 86 12 86 12 86 12 86 12 86 12
240 4 240 4 240 4 240 4 240 4 240 4 240 4 240 4 240 4 240 4 240 4 240 4 240 4 240 4 240 4 239 4 239 4 239 4 239 3 239 3 239 3 238 3 238 3 238 3 237 3 237 3 237 3 236 3 235 3 235 3 234 3 234 3 233 3 232 3 231 3 230 3 229 3 228 6 227 6 226 6 225 6 224 6 223 6 221 6 220 6 219 6 217 6 216 6 214 6 213 6 212 6 210 6 209 6 207 6 206 6 204 6 202 6 200 6 197 6 195 6 192 6 189 6 185 6 182 6 178 6 175 6 171 6 167 12 163 12 158 12 154 12 150 12 146 12 141 12 137 12 133 12 129 12 125 12 121 12 118 12 114 12 111 12 108 12 105 12 102 12 100 12 98 12 96 12 94 12 92 12 91 12 90 12 89 12 88 12 87 12 87 12 86 12 86 12 86 12 86 12
236 4 236 4 236 4 236 4 236 4 236 4 236 4 236 4 236 4 236 4 236 4 236 4 236 4 236 4 236 4 236 4 236 4 236 4 236 4 236 4 235 4 235 4 235 4 235 4 234 4 234 4 234 4 233 4 233 4 232 4 232 4 231 4 230 4 229 4 229 4 228 4 227 4 226 4 225 6 224 6 223 6 222 6 221 6 219 6 218 6 217 6 216 6 214 6 213 6 212 6 210 6 209 6 208 6 206 6 205 6 203 6 201 6 199 6 197 6 194 6 191 6 188 6 185 6 182 6 178 6 174 6 171 6 167 12 163 12 158 12 154 12 150 12 146 12 142 12 137 12 133 12 129 12 125 12 122 12 118 12 115 12 111 12 108 12 105 12 103 12 100 12 98 12 96 12 94 12 93 12 91 12 90 12 89 12 88 12 88 12 87 12 87 12 87 12 86 12 86 12
233 4 233 4 233 4 233 4 233 4 233 4 233 4 233 4 233 4 233 4 233 4 233 4 233 4 233 4 233 4 233 4 233 4 233 4 233 4 232 4 232 4 232 4 232 4 232 4 231 4 231 4 231 4 230 4 230 4 229 4 229 4 228 4 228 4 227 4 226 4 226 4 225 4 224 4 223 6 222 6 221 6 220 6 219 6 218 6 217 6 215 6 214 6 213 6 212 6 211 6 209 6 208 6 207 6 205 6 204 6 202 6 200 6 198 6 196 6 193 6 191 6 188 6 185 6 181 6 178 6 174 6 171 6 167 12 163 12 158 12 154 12 150 12 146 12 142 12 138 12 134 12 130 12 126 12 122 12 118 12 115 12 112 12 109 12 106 12 103 12 101 12 98 12 96 12 95 12 93 12 92 12 90 12 89 12 89 12 88 12 88 12 87 12 87 12 87 12 87 12
230 4 230 4 230 4 230 4 230 4 230 4 230 4 230 4 230 4 230 4 230 4 230 4 230 4 230 4 230 4 230 4 230 4 230 4 230 4 229 4 229 4 229 4 229 4 229 4 229 4 228 4 228 4 228 4 227 4 227 2 226 2 226 2 225 2 225 2 224 2 223 2 223 2 222 2 221 2 220 6 219 6 218 6 217 6 216 6 215 6 214 6 213 6 212 6 211 6 209 6 208 6 207 6 206 6 205 6 203 6 201 6 200 6 198 6 196 6 193 6 191 6 188 6 185 6 181 6 178 6 174 6 171 6 167 12 163 12 159 12 155 12 150 12 146 12 142 12 138 12 134 12 130 12 126 12 122 12 119 12 115 12 112 12 109 12 106 12 104 9 101 9 99 9 97 9 95 9 94 9 92 9 91 9 90 9 89 9 89 9 88 9 88 9 88 9 88 9 87 9
226 4 226 4 226 4 226 4 226 4 226 4 226 4 226 4 226 4 227 4 227 4 227 4 227 4 227 4 227 4 227 4 227 4 227 4 227 4 227 4 226 4 226 4 226 4 226 4 226 4 226 4 226 4 225 4 225 2 225 2 224 2 224 2 223 2 223 2 222 2 222 2 221 2 220 2 219 2 219 2 218 6 217 6 216 6 215 6 214 6 213 6 212 6 211 6 210 6 209 6 207 6 206 6 205 6 204 6 203 6 201 6 199 6 197 6 195 6 193 6 190 6 188 6 185 6 181 6 178 6 175 6 171 9 167 9 163 9 159 9 155 9 151 9 147 9 143 9 138 9 134 9 131 9 127 9 123 9 119 9 116 9 113 9 110 9 107 9 104 9 102 9 100 9 98 9 96 9 94 9 93 9 92 9 91 9 90 9 89 9 89 9 89 9 88 9 88 9 88 9
223 4 223 4 223 4 223 4 223 4 223 4 223 4 223 4 223 4 223 4 223 4 224 4 224 4 224 4 224 4 224 4 224 4 224 4 224 4 224 4 224 4 224 4 224 4 224 4 223 4 223 4 223 4 223 2 223 2 222 2 222 2 222 2 221 2 221 2 220 2 220 2 219 2 219 2 218 2 217 2 216 2 216 6 215 6 214 6 213 6 212 6 211 6 210 6 209 6 208 6 207 6 206 6 205 6 204 6 202 6 201 6 199 6 197 6 195 6 193 6 190 6 188 6 185 6 182 6 178 6 175 9 171 9 167 9 163 9 160 9 155 9 151 9 147 9 143 9 139 9 135 9 131 9 127 9 124 9 120 9 117 9 114 9 111 9 108 9 105 9 103 9 100 9 98 9 97 9 95 9 94 9 93 9 92 9 91 9 90 9 90 9 89 9 89 9 89 9 89 9
220 4 220 4 220 4 220 4 220 4 220 4 220 4 220 4 220 4 221 4 221 4 221 4 221 4 221 4 221 4 221 4 221 4 221 4 221 4 221 4 221 4 221 4 221 4 221 4 221 4 221 4 221 2 221 2 221 2 220 2 220 2 220 2 220 2 219 2 219 2 218 2 218 2 217 2 217 2 216 2 215 2 214 2 214 6 213 6 212 6 211 6 210 6 209 6 208 6 207 6 206 6 205 6 204 6 203 6 202 6 201 6 199 6 197 6 195 6 193 6 191 6 188 6 185 6 182 6 179 9 175 9 172 9 168 9 164 9 160 9 156 9 152 9 148 9 144 9 140 9 136 9 132 9 128 9 125 9 121 9 118 9 115 9 112 9 109 9 106 9 104 9 101 9 99 9 98 9 96 9 95 9 93 9 92 9 92 9 91 9 91 9 90 9 90 9 90 9 90 9
217 4 217 4 217 4 217 4 217 4 217 4 218 4 218 4 218 4 218 4 218 4 218 4 218 4 218 4 218 4 218 4 218 4 219 4 219 4 219 4 219 4 219 4 219 4 219 4 219 4 219 2 219 2 219 2 219 2 219 2 218 2 218 2 218 2 218 2 217 2 217 2 217 2 216 2 215 2 215 2 214 2 214 2 213 2 212 6 211 6 211 6 210 6 209 6 208 6 207 6 206 6 205 6 204 6 203 6 202 6 201 6 199 6 198 6 196 6 193 6 191 6 188 6 186 6 183 6 179 9 176 9 172 9 169 9 165 9 161 9 157 9 153 9 149 9 145 9 141 9 137 9 133 9 129 9 126 9 122 9 119 9 116 9 113 9 110 9 107 9 105 9 102 9 100 9 99 9 97 9 96 9 94 9 94 9 93 9 92 9 92 9 91 9 91 9 91 9 91 9
215 4 215 4 215 4 215 4 215 4 215 4 215 4 215 4 215 4 215 4 215 4 215 4 215 4 215 4 216 4 216 4 216 4 216 4 216 4 216 4 217 4 217 4 217 4 217 4 217 2 217 2 217 2 217 2 217 2 217 2 217 2 217 2 217 2 216 2 216 2 216 2 215 2 215 2 215 2 214 2 214 2 213 2 212 2 212 2 211 6 210 6 209 6 209 6 208 6 207 6 206 6 205 6 204 6 204 6 202 6 201 6 200 6 198 6 196 6 194 6 192 6 189 6 186 6 183 6 180 9 177 9 173 9 170 9 166 9 162 9 158 9 154 9 150 9 146 9 142 9 138 9 134 9 131 9 127 9 123 9 120 9 117 9 114 9 111 9 108 9 106 9 104 9 102 9 100 9 98 9 97 9 96 9 95 9 94 9 93 9 93 9 92 9 92 9 92 9 92 9
212 4 212 4 212 4 212 4 212 4 212 4 212 4 212 4 212 4 212 4 213 4 213 4 213 4 213 4 213 4 213 4 214 4 214 4 214 4 214 4 214 4 215 4 215 4 215 2 215 2 215 2 215 2 216 2 216 2 216 2 216 2 216 2 216 2 215 2 215 2 215 2 215 2 214 2 214 2 214 2 213 2 213 2 212 2 211 2 211 2 210 6 209 6 209 6 208 6 207 6 206 6 206 6 205 6 204 6 203 6 202 6 200 6 199 6 197 6 195 6 193 6 190 6 187 6 184 6 181 9 178 9 175 9 171 9 167 9 163 9 159 9 155 9 151 9 147 9 143 9 139 9 136 9 132 9 128 9 125 9 121 9 118 9 115 9 112 9 110 9 107 9 105 9 103 9 101 9 100 9 98 9 97 9 96 9 95 9 95 9 94 9 94 9 94 9 94 9 93 9
210 4 210 4 210 4 210 4 210 4 210 4 210 4 210 4 210 4 210 4 210 4 210 4 211 4 211 4 211 4 211 4 212 4 212 4 212 4 212 4 213 4 213 4 213 2 213 2 214 2 214 2 214 2 214 2 214 2 214 2 215 2 215 2 215 2 215 2 214 2 214 2 214 2 214 2 214 2 213 2 213 2 212 2 212 2 211 2 211 2 210 2 210 6 209 6 208 6 208 6 207 6 206 6 205 6 205 6 204 6 202 6 201 6 200 6 198 6 196 6 194 6 191 6 189 6 186 6 183 7 179 9 176 9 172 9 169 9 165 9 161 9 157 9 153 9 149 9 145 9 141 9 137 9 133 9 130 9 126 9 123 9 120 9 117 9 114 9 111 9 109 9 107 9 105 9 103 9 101 9 100 9 99 9 98 9 97 9 96 9 96 9 95 9 95 19 95 19 95 19
207 4 207 4 207 4 207 4 207 4 207 4 207 4 208 4 208 4 208 4 208 4 208 4 208 4 209 4 209 4 209 4 210 4 210 4 210 4 211 4 211 4 211 2 212 2 212 2 212 2 213 2 213 2 213 2 213 2 214 2 214 2 214 2 214 2 214 2 214 2 214 2 214 2 214 2 214 2 213 2 213 2 213 2 212 2 212 2 211 2 211 2 210 2 210 6 209 6 208 6 208 6 207 6 206 6 206 6 205 6 204 6 202 6 201 6 199 6 197 6 195 6 193 6 190 6 187 7 184 7 181 7 177 9 174 9 170 9 166 9 162 9 158 9 155 9 151 9 147 9 143 9 139 9 135 9 131 9 128 9 125 9 121 9 118 9 116 9 113 9 110 9 108 9 106 9 104 9 103 9 101 9 100 9 99 9 98 9 98 9 97 9 97 19 97 19 97 19 97 19
205 4 205 4 205 4 205 4 205 4 205 4 205 4 205 4 206 4 206 4 206 4 206 4 206 4 207 4 207 4 207 4 208 4 208 4 208 4 209 4 209 2 210 2 210 2 211 2 211 2 211 2 212 2 212 2 212 2 213 2 213 2 213 2 213 2 214 2 214 2 214 2 214 2 214 2 214 2 213 2 213 2 213 2 213 2 212 2 212 2 211 2 211 2 210 2 210 6 209 6 209 6 208 6 207 6 207 6 206 6 205 6 204 6 202 6 200 6 199 6 196 6 194 6 192 7 189 7 186 7 182 7 179 7 176 9 172 9 168 9 164 9 160 9 156 9 152 9 148 9 145 9 141 9 137 9 133 9 130 9 126 9 123 9 120 9 117 9 115 9 112 9 110 9 108 9 106 9 105 9 103 5 102 5 101 5 100 5 100 5 99 19 99 19 99 19 98 19 98 19
203 4 203 4 203 4 203 4 203 4 203 4 203 4 203 4 204 4 204 4 204 4 204 4 205 4 205 4 205 4 206 4 206 4 206 4 207 4 207 2 208 2 208 2 209 2 209 2 210 2 210 2 211 2 211 2 212 2 212 2 213 2 213 2 213 2 213 2 214 2 214 2 214 2 214 2 214 2 214 2 214 2 214 2 213 2 213 2 213 2 212 2 212 2 211 2 211 2 210 6 210 6 209 6 209 6 208 6 207 6 206 6 205 6 204 6 202 6 200 6 198 6 196 7 193 7 191 7 188 7 184 7 181 7 178 7 174 9 170 9 166 9 162 9 158 9 154 9 151 9 147 9 143 9 139 9 135 9 132 9 129 9 125 9 122 9 119 9 117 9 114 9 112 9 110 9 108 9 107 5 105 5 104 5 103 5 102 5 101 5 101 19 101 19 100 19 100 19 100 19
201 4 201 4 201 4 201 4 201 4 201 4 201 4 201 4 202 4 202 4 202 4 202 4 203 4 203 4 204 4 204 4 205 4 205 4 206 2 206 2 207 2 207 2 208 2 209 2 209 2 210 2 210 2 211 2 211 2 212 2 212 2 213 2 213 2 214 2 214 2 214 2 214 2 214 2 214 2 214 2 214 2 214 2 214 2 214 2 214 2 213 2 213 2 213 2 212 2 212 2 211 6 211 6 210 6 210 6 209 6 208 6 207 6 205 6 204 6 202 6 200 7 198 7 195 7 193 7 190 7 186 7 183 7 180 7 176 7 172 9 168 9 165 9 161 9 157 9 153 9 149 9 145 9 141 9 138 9 134 9 131 9 127 9 124 9 122 9 119 9 116 9 114 9 112 9 110 5 109 5 107 5 106 5 105 5 104 5 104 5 103 19 103 19 102 19 102 19 102 19
199 2 199 2 199 2 199 2 199 2 199 2 200 2 200 2 200 2 200 2 200 2 201 2 201 2 202 2 202 2 203 2 203 2 204 2 204 2 205 2 206 2 206 2 207 2 208 2 208 2 209 2 210 2 210 2 211 2 212 2 212 2 213 2 213 2 214 2 214 2 215 2 215 2 215 2 215 2 215 2 215 2 215 2 215 2 215 2 215 2 215 2 214 2 214 2 214 2 213 2 213 2 212 6 212 6 211 6 211 6 210 6 209 6 207 6 206 6 204 7 202 7 200 7 197 7 195 7 192 7 189 7 185 7 182 7 178 7 175 7 171 9 167 9 163 9 159 9 155 9 151 9 147 9 144 9 140 9 136 9 133 9 130 9 127 9 124 9 121 9 119 9 116 9 114 5 112 5 111 5 109 5 108 5 107 5 106 5 106 5 105 19 105 19 105 19 105 19 105 19
198 2 198 2 198 2 198 2 198 2 198 2 198 2 198 2 198 2 199 2 199 2 199 2 200 2 200 2 201 2 201 2 202 2 203 2 203 2 204 2 205 2 206 2 206 2 207 2 208 2 209 2 210 2 210 2 211 2 212 2 212 2 213 2 214 2 214 2 215 2 215 2 216 2 216 2 216 2 216 2 217 2 217 2 217 2 216 2 216 2 216 2 216 2 216 2 215 2 215 2 215 2 214 2 214 6 213 6 213 6 212 6 211 6 210 6 208 7 206 7 204 7 202 7 200 7 197 7 194 7 191 7 188 7 184 7 181 7 177 7 173 7 169 9 166 9 162 9 158 9 154 9 150 9 146 9 142 9 139 9 135 9 132 9 129 9 126 9 124 9 121 9 119 5 117 5 115 5 113 5 112 5 111 5 110 5 109 5 108 5 108 19 107 19 107 19 107 19 107 19
196 11 196 11 196 11 196 11 196 11 196 11 196 11 197 11 197 11 197 11 197 11 198 11 198 11 199 11 199 11 200 11 201 11 202 11 202 2 203 2 204 2 205 2 206 2 207 2 208 2 208 2 209 2 210 2 211 2 212 2 213 2 214 2 214 2 215 2 216 2 216 2 217 2 217 2 217 2 218 2 218 2 218 2 218 2 218 2 218 2 218 2 218 2 217 2 217 2 217 2 217 2 216 2 216 6 215 6 215 6 214 6 213 6 212 7 211 7 209 7 207 7 205 7 202 7 200 7 197 7 194 7 191 7 187 7 184 7 180 7 176 7 172 10 168 10 164 10 160 10 156 10 153 10 149 10 145 10 142 10 138 10 135 9 132 9 129 9 126 9 124 5 121 5 119 5 117 5 116 5 114 5 113 5 112 5 111 5 110 5 110 19 110 19 109 19 109 19 109 19
195 11 195 11 195 11 195 11 195 11 195 11 195 11 195 11 195 11 196 11 196 11 197 11 197 11 198 11 198 11 199 11 200 11 201 11 202 11 202 2 203 2 204 2 205 2 206 2 207 2 208 2 209 2 210 2 211 2 212 2 213 2 214 2 215 2 216 2 217 2 217 2 218 2 218 2 219 2 219 2 219 2 220 2 220 2 220 2 220 2 220 2 220 2 219 2 219 2 219 2 219 2 219 2 218 6 218 6 217 6 217 6 216 7 214 7 213 7 211 7 210 7 207 7 205 7 202 7 200 7 197 7 193 7 190 7 186 7 183 7 179 7 175 10 171 10 167 10 163 10 159 10 155 10 152 10 148 10 144 10 141 10 138 10 134 5 132 5 129 5 126 5 124 5 122 5 120 5 118 5 117 5 116 5 115 5 114 5 113 5 113 19 112 19 112 19 112 19 112 19
193 11 193 11 193 11 193 11 193 11 194 11 194 11 194 11 194 11 195 11 195 11 196 11 196 11 197 11 197 11 198 11 199 11 200 11 201 11 202 11 203 2 204 2 205 2 206 2 207 2 208 2 210 2 211 2 212 2 213 2 214 2 215 2 216 2 217 2 218 2 218 2 219 2 220 2 220 2 221 2 221 2 221 2 222 2 222 2 222 2 222 2 222 2 222 2 221 2 221 2 221 2 221 2 221 6 220 6 220 6 219 7 218 7 217 7 216 7 214 7 212 7 210 7 208 7 205 7 202 7 199 7 196 7 193 7 189 7 186 7 182 7 178 10 174 10 170 10 166 10 162 10 158 10 154 10 151 10 147 10 144 10 140 10 137 5 134 5 132 5 129 5 127 5 125 5 123 5 121 5 120 5 118 5 117 5 116 5 116 5 115 19 115 19 115 19 115 19 114 19
192 11 192 11 192 11 192 11 192 11 192 11 193 11 193 11 193 11 194 11 194 11 195 11 195 11 196 11 197 11 197 11 198 11 199 11 200 11 201 11 203 11 204 2 205 2 206 2 207 2 209 2 210 2 211 2 212 2 214 2 215 2 216 2 217 2 218 2 219 2 220 2 221 2 221 2 222 2 222 2 223 2 223 2 224 2 224 2 224 2 224 2 224 2 224 2 224 2 224 2 224 2 223 2 223 6 223 6 222 7 222 7 221 7 220 7 219 7 217 7 215 7 213 7 211 7 208 7 205 7 202 7 199 7 196 7 192 7 189 7 185 7 181 10 177 10 173 10 169 10 165 10 161 10 157 10 154 10 150 10 147 10 143 10 140 5 137 5 134 5 132 5 130 5 127 5 125 5 124 5 122 5 121 5 120 5 119 5 118 5 118 19 118 19 117 19 117 19 117 19
191 11 191 11 191 11 191 11 191 11 191 11 191 11 192 11 192 11 193 11 193 11 194 11 194 11 195 11 196 11 197 11 198 11 199 11 200 11 201 11 202 11 204 11 205 2 206 2 208 2 209 2 210 2 212 2 213 2 214 2 216 2 217 2 218 2 219 2 220 2 221 2 222 2 223 2 224 2 224 2 225 2 225 2 226 2 226 2 226 2 226 2 226 2 226 2 226 2 226 2 226 2 226 7 226 7 226 7 225 7 225 7 224 7 223 7 222 7 220 7 218 7 216 7 214 7 211 7 209 7 206 7 202 7 199 7 195 7 192 7 188 7 184 10 180 10 176 10 172 10 168 10 164 10 160 10 157 10 153 10 150 10 146 10 143 5 140 5 137 5 135 5 132 5 130 5 128 5 127 5 125 5 124 5 123 5 122 5 121 5 121 19 120 19 120 19 120 19 120 19
190 11 190 11 190 11 190 11 190 11 190 11 191 11 191 11 191 11 192 11 192 11 193 11 194 11 194 11 195 11 196 11 197 11 198 11 200 11 201 11 202 11 204 11 205 11 206 13 208 13 209 13 211 2 212 2 214 2 215 2 217 2 218 2 219 2 221 2 222 2 223 2 224 2 225 2 226 2 226 2 227 2 228 2 228 2 228 2 229 2 229 2 229 2 229 2 229 2 229 2 229 7 229 7 229 7 228 7 228 7 227 7 227 7 226 7 225 7 223 7 221 7 219 7 217 7 214 7 212 7 209 7 206 7 202 7 199 7 195 7 191 7 187 10 183 10 179 10 175 10 171 10 167 10 164 10 160 10 156 10 153 10 149 10 146 5 143 5 140 5 138 5 135 5 133 5 131 5 130 5 128 5 127 5 126 5 125 5 124 5 124 19 123 19 123 19 123 19 123 19
189 11 189 11 189 11 189 11 189 11 189 11 190 11 190 11 190 11 191 11 191 11 192 11 193 11 194 11 195 11 196 11 197 11 198 11 199 11 201 11 202 11 204 11 205 11 207 13 208 13 210 13 212 13 213 2 215 2 216 2 218 2 219 2 221 2 222 2 223 2 225 2 226 2 227 2 228 2 228 2 229 2 230 2 230 2 231 2 231 2 231 2 231 2 232 2 232 2 232 7 232 7 232 7 231 7 231 7 231 7 230 7 230 7 229 7 228 7 226 7 224 7 222 7 220 7 218 7 215 7 212 7 209 7 205 7 202 7 198 7 194 7 190 10 187 10 183 10 179 10 175 10 171 10 167 10 163 10 159 10 156 10 152 10 149 5 146 5 143 5 141 5 138 5 136 5 134 5 132 5 131 5 130 5 129 5 128 5 127 5 126 19 126 19 126 19 126 19 126 19
188 11 188 11 188 11 188 11 189 11 189 11 189 11 189 11 190 11 190 11 191 11 192 11 192 11 193 11 194 11 195 11 197 11 198 11 199 11 201 11 202 11 204 11 206 11 207 13 209 13 211 13 212 13 214 13 216 2 217 2 219 2 221 2 222 2 224 2 225 2 226 2 228 2 229 2 230 2 231 2 231 2 232 2 233 2 233 2 234 2 234 2 234 2 234 2 234 7 234 7 234 7 234 7 234 7 234 7 234 7 234 7 233 7 232 7 231 7 229 7 228 7 226 7 223 7 221 7 218 7 215 7 212 7 209 7 205 7 201 7 198 7 194 10 190 10 186 10 182 10 178 10 174 10 170 10 166 10 162 10 159 10 156 10 152 5 149 5 146 5 144 5 141 5 139 5 137 5 135 5 134 5 133 5 131 5 131 5 130 5 129 19 129 19 129 19 129 19 129 19
188 11 188 11 188 11 188 11 188 11 188 11 188 11 189 11 189 11 190 11 190 11 191 11 192 11 193 11 194 11 195 11 196 11 198 11 199 11 201 11 202 11 204 11 206 11 208 13 209 13 211 13 213 13 215 13 217 13 219 2 220 2 222 2 224 2 225 2 227 2 228 2 230 2 231 2 232 2 233 2 234 2 235 2 235 2 236 2 236 2 237 2 237 2 237 7 237 7 237 7 237 7 237 7 237 7 237 7 237 7 237 7 236 7 235 7 234 7 233 7 231 7 229 7 227 7 224 7 221 7 219 7 215 7 212 7 208 7 205 7 201 7 197 10 193 10 189 10 185 10 181 10 177 10 173 10 169 10 166 10 162 10 159 10 155 10 152 5 149 5 147 5 144 5 142 5 140 5 138 5 137 5 136 5 134 5 134 5 133 19 132 19 132 19 132 19 132 19 132 19
187 11 187 11 187 11 187 11 187 11 187 11 188 11 188 11 189 11 189 11 190 11 191 11 192 11 193 11 194 11 195 11 196 11 198 11 199 11 201 11 203 11 204 11 206 11 208 13 210 13 212 13 214 13 216 13 218 13 220 13 222 13 224 13 225 13 227 13 229 13 230 13 232 13 233 13 234 13 235 13 236 13 237 13 238 13 238 13 239 13 239 13 240 7 240 7 240 7 240 7 240 7 240 7 240 7 240 7 240 7 240 7 239 7 238 7 237 7 236 7 234 7 232 7 230 7 227 7 225 7 222 7 219 7 215 7 212 7 208 7 204 7 200 10 196 10 192 10 188 10 184 10 180 10 176 10 172 10 169 10 165 10 162 10 158 10 155 10 152 5 150 5 147 5 145 5 143 5 141 5 140 5 138 5 137 5 136 19 136 19 135 19 135 19 135 19 134 19 134 19
187 11 187 11 187 11 187 11 187 11 187 11 187 11 188 11 188 11 189 11 189 11 190 11 191 11 192 11 194 11 195 11 196 11 198 11 199 11 201 11 203 11 205 11 207 11 209 13 211 13 213 13 215 13 217 13 219 13 221 13 223 13 225 13 227 13 229 13 230 13 232 13 234 13 235 13 236 13 237 13 238 13 239 13 240 13 241 13 241 13 242 13 242 7 243 7 243 7 243 7 243 7 243 7 243 7 243 7 243 7 243 7 242 7 241 7 240 7 239 7 237 7 235 7 233 7 231 7 228 7 225 7 222 7 219 7 215 7 211 7 207 7 204 10 200 10 195 10 191 10 187 10 183 10 179 10 176 10 172 10 168 10 165 10 161 10 158 10 155 10 153 5 150 5 148 5 146 5 144 5 143 5 141 5 140 5 139 19 139 19 138 19 138 19 137 19 137 19 137 19
186 11 186 11 186 11 186 11 186 11 187 11 187 11 187 11 188 11 188 11 189 11 190 11 191 11 192 11 193 11 195 11 196 11 198 11 200 11 201 11 203 11 205 11 207 11 209 13 212 13 214 13 216 13 218 13 220 13 222 13 224 13 227 13 229 13 230 13 232 13 234 13 236 13 237 13 238 13 240 13 241 13 242 13 243 13 243 13 244 13 245 13 245 7 245 7 246 7 246 7 246 7 246 7 246 7 246 7 246 7 246 7 245 7 244 7 243 7 242 7 240 7 238 7 236 7 234 7 231 7 228 7 225 7 222 7 218 7 214 7 211 7 207 10 203 10 199 10 195 10 190 10 186 10 183 10 179 10 175 10 171 10 168 10 164 10 161 10 158 10 156 10 153 5 151 5 149 5 147 5 146 5 144 5 143 5 142 19 141 19 141 19 141 19 140 19 140 19 140 19
186 11 186 11 186 11 186 11 186 11 186 11 186 11 187 11 187 11 188 11 189 11 190 11 191 11 192 11 193 11 195 11 196 11 198 11 200 11 202 11 204 11 206 11 208 11 210 13 212 13 215 13 217 13 219 13 221 13 224 13 226 13 228 13 230 13 232 13 234 13 236 13 238 13 239 13 241 13 242 13 243 13 244 13 245 13 246 13 247 13 247 13 248 7 248 7 248 7 249 7 249 7 249 7 249 7 249 7 249 7 249 7 248 7 247 7 246 7 245 7 243 7 242 7 239 7 237 7 234 7 231 7 228 7 225 7 221 7 218 7 214 7 210 10 206 10 202 10 198 10 194 10 189 10 186 10 182 10 178 10 174 10 171 10 167 10 164 10 161 10 159 10 156 10 154 5 152 5 150 5 148 5 147 5 146 5 145 19 144 19 144 19 143 19 143 19 143 19 143 19
185 11 185 11 185 11 185 11 186 11 186 11 186 11 187 11 187 11 188 11 189 11 190 11 191 11 192 11 193 11 195 11 196 11 198 11 200 11 202 11 204 11 206 11 208 13 211 13 213 13 215 13 218 13 220 13 223 13 225 13 227 13 230 13 232 13 234 13 236 13 238 13 240 13 241 13 243 13 244 13 245 13 247 13 248 13 248 13 249 13 250 13 250 7 251 7 251 7 251 7 251 7 252 7 252 7 252 7 252 7 252 7 251 7 250 7 249 7 248 7 246 7 245 7 242 7 240 7 237 7 234 7 231 7 228 7 224 7 221 7 217 7 213 10 209 10 205 10 201 10 196 10 192 10 188 10 184 10 181 10 177 10 174 10 170 10 167 10 164 10 161 10 159 10 157 10 154 5 153 5 151 5 150 5 148 5 148 19 147 19 146 19 146 19 146 19 146 19 145 19
185 11 185 11 185 11 185 11 185 11 186 11 186 11 186 11 187 11 188 11 189 11 190 11 191 11 192 11 193 11 195 11 197 11 198 11 200 11 202 11 205 11 207 13 209 13 211 13 214 13 216 13 219 13 221 13 224 13 226 13 229 13 231 13 233 13 235 13 238 13 240 13 241 13 243 13 245 13 246 13 248 13 249 13 250 13 251 13 252 13 252 13 253 7 253 7 254 7 254 7 254 7 254 7 255 7 255 7 255 7 254 7 254 7 253 7 252 7 251 7 249 7 247 7 245 7 243 7 240 7 237 7 234 7 231 7 227 7 223 7 220 7 216 7 212 10 208 10 203 10 199 10 195 10 191 10 187 10 183 10 180 10 176 10 173 10 170 10 167 10 164 10 161 10 159 10 157 5 155 5 154 5 152 5 151 5 150 19 149 19 149 19 148 19 148 19 148 19 148 19
185 11 185 11 185 11 185 11 185 11 185 11 186 11 186 11 187 11 188 11 188 11 189 11 191 11 192 11 193 11 195 11 197 11 199 11 201 11 203 11 205 11 207 13 210 13 212 13 215 13 217 13 220 13 222 13 225 13 227 13 230 13 232 13 235 13 237 13 239 13 241 13 243 13 245 13 247 13 248 13 250 13 251 13 252 13 253 13 254 13 255 7 255 7 256 7 256 7 256 7 257 7 257 7 257 7 257 7 257 7 257 7 256 7 256 7 255 7 254 7 252 7 250 7 248 7 246 7 243 7 240 7 237 7 234 7 230 7 226 7 222 7 218 7 214 7 210 10 206 10 202 10 198 10 194 10 190 10 186 10 182 10 179 10 175 10 172 10 169 10 166 10 164 10 162 10 160 5 158 5 156 5 155 5 153 5 153 19 152 19 151 19 151 19 151 19 150 19 150 19
185 11 185 11 185 11 185 11 185 11 185 11 186 11 186 11 187 11 187 11 188 11 189 11 191 11 192 11 194 11 195 11 197 11 199 11 201 11 203 11 205 11 208 13 210 13 213 13 215 13 218 13 221 13 223 13 226 13 229 13 231 13 234 13 236 13 239 13 241 13 243 13 245 13 247 13 249 13 250 13 252 13 253 13 254 13 255 13 256 7 257 7 257 7 258 7 258 7 259 7 259 7 259 7 260 7 260 7 260 7 259 7 259 7 258 7 257 7 256 7 255 7 253 7 251 7 248 7 246 7 243 7 239 7 236 7 233 7 229 7 225 7 221 7 217 7 213 7 209 10 204 10 200 10 196 10 192 10 189 10 185 10 181 10 178 10 175 10 172 10 169 10 166 10 164 10 162 5 160 5 158 5 157 5 156 5 155 19 154 19 153 19 153 19 153 19 153 19 153 19
185 11 185 11 185 11 185 11 185 11 185 11 186 11 186 11 187 11 187 11 188 11 189 11 191 11 192 11 194 11 195 11 197 11 199 11 201 11 204 11 206 11 208 13 211 13 213 13 216 13 219 13 222 13 224 13 227 13 230 13 232 13 235 13 238 13 240 13 242 13 245 13 247 13 249 13 251 13 252 13 254 13 255 13 256 13 257 13 258 7 259 7 260 7 260 7 260 7 261 7 261 7 262 7 262 7 262 7 262 7 262 7 261 7 261 7 260 7 258 7 257 7 255 7 253 7 251 7 248 7 245 7 242 7 239 7 235 7 231 7 227 7 223 7 219 7 215 7 211 10 207 10 203 10 199 10 195 10 191 10 187 10 183 10 180 10 177 10 174 10 171 10 168 10 166 10 164 5 162 5 160 5 159 5 158 5 157 19 156 19 156 19 155 19 155 19 155 19 155 19
184 11 184 11 185 11 185 11 185 11 185 11 185 11 186 11 187 11 187 11 188 11 189 11 191 11 192 11 194 11 195 11 197 11 199 11 202 11 204 11 206 11 209 13 211 13 214 13 217 13 220 13 222 13 225 13 228 13 231 13 234 13 236 13 239 13 241 13 244 13 246 13 248 13 250 13 252 13 254 13 255 13 257 13 258 13 259 13 260 7 261 7 262 7 262 7 263 7 263 7 263 7 264 7 264 7 264 7 264 7 264 7 263 7 263 7 262 7 261 7 259 7 257 7 255 7 253 7 250 7 247 7 244 7 241 7 237 7 233 7 230 7 226 7 221 7 217 7 213 10 209 10 205 10 201 10 197 10 193 10 189 10 186 10 182 10 179 10 176 10 173 10 170 10 168 10 166 5 164 5 162 5 161 5 160 5 159 19 158 19 158 19 157 19 157 19 157 19 157 19
184 11 184 11 184 11 185 11 185 11 185 11 185 11 186 11 187 11 187 11 188 11 189 11 191 11 192 11 194 11 196 11 198 11 200 11 202 11 204 11 207 11 209 13 212 13 215 13 217 13 220 13 223 13 226 13 229 13 232 13 235 13 237 13 240 13 243 13 245 13 248 13 250 13 252 13 254 13 255 13 257 13 259 13 260 13 261 13 262 7 263 7 263 7 264 7 264 7 265 7 265 7 265 7 266 7 266 7 266 7 266 7 265 7 265 7 264 7 263 7 261 7 259 7 257 7 255 7 252 7 249 7 246 7 243 7 239 7 235 7 232 7 228 7 223 7 219 7 215 10 211 10 207 10 203 10 199 10 195 10 191 10 187 10 184 10 181 10 178 10 175 10 172 10 170 10 168 5 166 5 164 5 163 5 162 5 161 19 160 19 159 19 159 19 159 19 159 19 158 19
184 11 184 11 184 11 185 11 185 11 185 11 185 11 186 11 187 11 187 11 188 11 190 11 191 11 192 11 194 11 196 11 198 11 200 11 202 11 205 11 207 11 210 13 212 13 215 13 218 13 221 13 224 13 227 13 230 13 233 13 236 13 238 13 241 13 244 13 246 13 249 13 251 13 253 13 255 13 257 13 259 13 260 13 261 13 262 13 263 7 264 7 265 7 266 7 266 7 266 7 267 7 267 7 268 7 268 7 268 7 268 7 267 7 267 7 266 7 264 7 263 7 261 7 259 7 257 7 254 7 251 7 248 7 245 7 241 7 237 7 233 7 229 7 225 7 221 7 217 10 213 10 209 10 204 10 200 10 197 10 193 10 189 10 186 10 182 10 179 10 177 10 174 10 172 10 169 5 168 5 166 5 164 5 163 5 162 19 161 19 161 19 161 19 160 19 160 19 160 19
184 11 184 11 184 11 184 11 185 11 185 11 185 11 186 11 187 11 187 11 188 11 190 11 191 11 192 11 194 11 196 11 198 11 200 11 202 11 205 11 207 15 210 15 213 15 216 15 219 15 222 15 225 15 228 15 231 15 234 15 236 15 239 15 242 15 245 15 247 15 250 15 252 15 254 15 256 15 258 15 260 15 261 15 263 15 264 15 265 7 266 7 266 7 267 7 267 7 268 7 268 7 269 7 269 7 269 7 269 7 269 7 269 7 268 7 267 7 266 7 265 7 263 7 261 7 258 7 256 7 253 7 250 7 246 7 243 7 239 7 235 7 231 7 227 7 223 7 218 10 214 10 210 10 206 10 202 10 198 10 194 10 191 10 187 10 184 10 181 10 178 10 175 10 173 10 171 5 169 5 167 5 166 5 165 5 164 19 163 19 162 19 162 19 162 19 162 19 161 19
184 11 184 11 184 11 184 11 185 11 185 11 185 11 186 11 187 11 187 11 188 11 190 11 191 11 193 11 194 11 196 11 198 11 200 11 203 11 205 15 208 15 210 15 213 15 216 15 219 15 222 15 225 15 228 15 231 15 234 15 237 15 240 15 243 15 246 15 248 15 251 15 253 15 255 15 257 15 259 15 261 15 262 15 264 15 265 15 266 15 267 7 268 7 268 7 269 7 269 7 270 7 270 7 270 7 271 7 271 7 270 7 270 7 270 7 269 7 267 7 266 7 264 7 262 7 260 7 257 7 254 7 251 7 248 7 244 7 240 7 236 7 232 7 228 7 224 7 220 10 216 10 211 10 207 10 203 10 199 10 196 10 192 10 188 10 185 10 182 10 179 10 177 10 174 10 172 5 170 5 168 5 167 5 166 5 165 19 164 19 164 19 163 19 163 19 163 19 163 19
184 11 184 11 184 11 184 11 185 11 185 11 185 11 186 11 187 11 187 11 188 11 190 11 191 11 193 11 194 11 196 11 198 11 201 11 203 15 205 15 208 15 211 15 214 15 216 15 219 15 223 15 226 15 229 15 232 15 235 15 238 15 241 15 244 15 246 15 249 15 252 15 254 15 256 15 258 15 260 15 262 15 263 15 265 15 266 15 267 15 268 15 269 7 269 7 270 7 270 7 271 7 271 7 271 7 272 7 272 7 272 7 271 7 271 7 270 7 269 7 267 7 265 7 263 7 261 7 258 7 255 7 252 7 249 7 245 7 241 7 237 7 233 7 229 7 225 7 221 10 217 10 213 10 208 10 204 10 200 10 197 10 193 10 190 10 186 10 183 10 180 10 178 10 175 10 173 5 171 5 170 5 168 5 167 5 166 19 165 19 165 19 164 19 164 19 164 19 164 19
184 15 184 15 184 15 184 15 185 15 185 15 185 15 186 15 187 15 187 15 189 15 190 15 191 15 193 15 194 15 196 15 198 15 201 15 203 15 206 15 208 15 211 15 214 15 217 15 220 15 223 15 226 15 229 15 232 15 235 15 238 15 241 15 244 15 247 15 250 15 252 15 255 15 257 15 259 15 261 15 263 15 264 15 266 15 267 15 268 15 269 15 270 15 270 7 271 7 271 7 272 7 272 7 272 7 273 7 273 7 273 7 272 7 272 7 271 7 270 7 268 7 266 7 264 7 262 7 259 7 256 7 253 7 250 7 246 7 242 7 238 7 234 7 230 7 226 7 222 10 218 10 213 10 209 10 205 10 201 10 198 10 194 10 190 10 187 10 184 10 181 10 179 10 176 10 174 5 172 5 170 5 169 5 168 5 167 19 166 19 165 19 165 19 165 19 165 19 165 19
184 15 184 15 184 15 184 15 185 15 185 15 185 15 186 15 187 15 188 15 189 15 190 15 191 15 193 15 195 15 196 15 199 15 201 15 203 15 206 15 208 15 211 15 214 15 217 15 220 15 223 15 226 15 229 15 233 15 236 15 239 15 242 15 245 15 247 15 250 15 253 15 255 15 257 15 260 15 262 15 263 15 265 15 266 15 268 15 269 15 269 15 270 15 271 15 271 7 272 7 272 7 273 7 273 7 273 7 273 7 273 7 273 7 272 7 271 7 270 7 269 7 267 7 265 7 263 7 260 7 257 7 254 7 250 7 247 7 243 7 239 7 235 7 231 7 227 7 223 10 218 10 214 10 210 10 206 10 202 10 198 10 195 10 191 10 188 10 185 10 182 10 179 10 177 10 175 5 173 5 171 5 170 5 168 5 167 19 167 19 166 19 166 19 165 19 165 19 165 19
184 15 184 15 184 15 184 15 185 15 185 15 185 15 186 15 187 15 188 15 189 15 190 15 191 15 193 15 195 15 197 15 199 15 201 15 203 15 206 15 209 15 211 15 214 15 217 15 220 15 223 15 227 15 230 15 233 15 236 15 239 15 242 15 245 15 248 15 251 15 253 15 256 15 258 15 260 15 262 15 264 15 265 15 267 15 268 15 269 15 270 15 271 15 271 15 272 15 272 7 273 7 273 7 274 7 274 7 274 7 274 7 274 7 273 7 272 7 271 7 269 7 268 7 266 7 263 7 261 7 258 7 254 7 251 7 247 7 244 7 240 7 236 7 232 7 227 7 223 10 219 10 215 10 211 10 207 10 203 10 199 10 195 10 192 10 188 10 185 10 182 10 180 10 177 10 175 5 173 5 172 5 170 5 169 5 168 19 167 19 167 19 166 19 166 19 166 19 166 19
184 15 184 15 184 15 184 15 185 15 185 15 185 15 186 15 187 15 188 15 189 15 190 15 191 15 193 15 195 15 197 15 199 15 201 15 203 15 206 15 209 15 211 15 214 15 217 15 220 15 224 15 227 15 230 15 233 15 236 15 239 15 242 15 245 15 248 15 251 15 253 15 256 15 258 15 260 15 262 15 264 15 266 15 267 15 268 15 269 15 270 15 271 15 272 15 272 15 273 15 273 7 274 7 274 7 274 7 274 7 274 7 274 7 273 7 272 7 271 7 270 7 268 7 266 7 264 7 261 7 258 7 255 7 251 7 248 7 244 7 240 7 236 7 232 7 228 7 224 10 219 10 215 10 211 10 207 10 203 10 199 10 195 10 192 10 189 10 186 10 183 10 180 10 178 10 175 5 174 5 172 5 170 5 169 5 168 19 167 19 167 19 166 19 166 19 166 19 166 19
184 15 184 15 184 15 184 15 185 15 185 15 185 15 186 15 187 15 188 15 189 15 190 15 191 15 193 15 195 15 197 15 199 15 201 15 203 15 206 15 209 15 212 15 214 15 217 15 221 15 224 15 227 15 230 15 233 15 236 15 239 15 242 15 245 15 248 15 251 15 254 15 256 15 258 15 261 15 263 15 264 15 266 15 267 15 269 15 270 15 271 15 271 15 272 15 273 15 273 15 273 7 274 7 274 7 275 7 275 7 274 7 274 7 274 7 273 7 272 7 270 7 268 7 266 7 264 7 261 7 258 7 255 7 252 7 248 7 244 7 240 7 236 7 232 7 228 7 224 10 220 10 215 10 211 10 207 10 203 10 199 10 196 10 192 10 189 10 186 10 183 10 180 10 178 10 176 5 174 5 172 5 171 5 169 5 168 19 168 19 167 19 167 19 166 19 166 19 166 19
184 15 184 15 184 15 184 15 185 15 185 15 185 15 186 15 187 15 188 15 189 15 190 15 191 15 193 15 195 15 197 15 199 15 201 15 203 15 206 15 209 15 212 15 214 15 217 15 221 15 224 15 227 15 230 15 233 15 236 15 239 15 243 15 246 15 248 15 251 15 254 15 256 15 259 15 261 15 263 15 264 15 266 15 267 15 269 15 270 15 271 15 271 15 272 15 273 15 273 15 274 7 274 7 274 7 275 7 275 7 275 7 274 7 274 7 273 7 272 7 270 7 268 7 266 7 264 7 261 7 258 7 255 7 252 7 248 7 244 7 241 7 236 7 232 7 228 7 224 10 220 10 215 10 211 10 207 10 203 10 200 10 196 10 192 10 189 10 186 10 183 10 180 10 178 10 176 5 174 5 172 5 171 5 170 5 169 19 168 19 167 19 167 19 167 19 166 19 166 19
184 15 184 15 184 15 185 15 185 15 185 15 185 15 186 15 187 15 188 15 189 15 190 15 191 15 193 15 195 15 197 15 199 15 201 15 203 15 206 15 209 15 212 15 215 15 218 15 221 15 224 15 227 15 230 15 233 15 236 15 240 15 243 15 246 15 248 15 251 15 254 15 256 15 259 15 261 15 263 15 264 15 266 15 268 15 269 15 270 15 271 15 272 15 272 15 273 15 273 15 274 7 274 7 274 7 275 7 275 7 275 7 274 7 274 7 273 7 272 7 270 7 268 7 266 7 264 7 261 7 258 7 255 7 252 7 248 7 245 7 241 7 237 7 232 7 228 7 224 10 220 10 216 10 211 10 207 10 203 10 200 10 196 10 192 10 189 10 186 10 183 10 180 10 178 10 176 5 174 5 172 5 171 5 170 5 169 19 168 19 167 19 167 19 167 19 166 19 166 19
