10
987 -27 -154
891 -78 -447
707 -122 -696
453 -154 -877
156 -171 -972
-156 -171 -972
-453 -154 -877
-707 -122 -696
-891 -78 -447
-987 -27 -154
50 50
1 7 2 7 2 7 3 7 4 7 5 7 6 7 8 7 9 7 11 7 12 7 12 7 14 7 16 7 18 7 20 6 22 6 24 6 27 6 30 6 32 6 33 6 34 6 34 6 36 6 38 2 41 2 44 2 47 2 50 2 53 2 55 2 57 2 59 2 61 2 63 2 66 2 69 2 72 2 75 2 77 2 77 2 77 2 77 2 77 2 77 2 76 2 74 2 73 2 72 2
2 7 2 7 2 7 3 7 4 7 5 7 6 7 8 7 9 7 10 7 12 7 12 7 14 7 16 7 18 7 20 6 22 6 24 6 27 6 29 6 32 6 33 6 34 6 34 6 35 6 38 2 41 2 44 2 47 2 50 2 53 2 55 2 58 2 60 2 62 2 64 2 66 2 69 2 72 2 75 2 76 2 77 2 77 2 77 2 77 2 76 2 75 2 74 2 72 2 72 2
2 7 2 7 2 7 3 7 4 7 5 7 6 7 7 7 9 7 10 7 11 7 12 7 14 7 16 7 18 7 21 6 23 6 25 6 27 6 29 6 30 6 31 6 32 6 33 6 35 6 37 2 40 2 44 2 48 2 51 2 53 2 56 2 58 2 60 2 62 2 64 2 67 2 69 2 72 2 74 2 75 2 76 2 76 2 75 2 74 2 73 2 73 2 72 2 71 2 71 2
2 7 2 7 3 7 3 7 4 7 4 7 5 7 7 7 8 7 9 7 11 7 12 7 14 7 16 7 18 6 21 6 23 6 25 6 27 6 27 6 28 6 29 6 30 6 32 1 34 1 37 2 40 2 44 2 48 2 51 2 54 2 56 2 59 2 61 2 63 2 65 2 67 2 70 2 72 2 73 2 73 2 73 2 73 2 73 2 71 2 70 2 69 2 69 2 69 2 70 2
3 7 3 7 3 7 3 7 4 7 4 7 5 7 7 7 8 7 9 7 10 7 12 7 13 7 15 7 18 6 20 6 23 6 25 6 26 6 26 6 27 6 28 1 29 1 32 1 34 1 37 1 40 2 44 2 48 2 52 2 55 2 57 2 60 2 62 2 64 2 66 2 68 2 69 2 70 2 71 2 70 2 70 2 70 2 69 2 68 2 67 2 67 2 68 2 68 2 69 2
4 7 4 7 4 7 4 7 4 7 5 7 5 7 6 7 8 7 9 7 10 7 11 7 13 7 15 7 17 6 19 6 22 6 24 6 25 1 25 1 26 1 27 1 29 1 31 1 34 1 37 1 40 2 44 2 48 2 52 2 55 2 58 2 60 2 63 2 64 2 66 2 67 2 68 2 68 2 68 2 67 2 67 2 67 2 66 2 65 2 65 2 66 2 66 2 68 2 69 3
4 7 4 7 4 7 4 7 4 7 5 7 5 7 7 7 8 7 9 7 10 7 11 7 12 7 14 7 16 6 18 6 21 1 22 1 24 1 25 1 26 1 28 1 29 1 32 1 34 1 37 1 40 4 44 2 48 2 52 2 55 2 58 2 61 2 63 2 65 2 66 2 66 2 66 2 65 2 64 2 64 2 64 2 64 2 64 2 63 2 64 2 65 2 66 2 68 3 70 3
5 7 5 7 5 7 4 7 5 7 5 7 6 7 7 7 8 7 9 7 10 7 11 7 12 7 14 1 16 1 18 1 19 1 21 1 23 1 24 1 26 1 28 1 30 1 32 1 34 1 37 4 39 4 43 4 47 4 51 2 54 2 58 2 61 2 63 2 65 2 65 2 64 2 63 2 62 2 61 2 61 2 61 2 62 2 62 2 62 2 63 2 64 2 66 3 69 3 71 3
5 7 5 7 5 7 5 7 5 7 5 7 6 7 7 7 8 7 9 7 10 7 11 7 12 1 14 1 15 1 17 1 19 1 20 1 22 1 24 1 26 1 28 1 29 1 31 1 33 1 36 4 39 4 42 4 46 4 50 4 53 2 57 2 60 2 62 2 64 2 64 2 62 2 61 2 60 2 59 2 59 2 60 2 60 2 61 2 62 2 63 2 64 3 66 3 69 3 72 3
6 7 6 7 6 7 6 7 6 7 6 7 7 7 8 7 9 7 10 7 10 7 11 7 12 1 13 1 15 1 17 1 18 1 20 1 21 1 23 1 25 1 27 1 28 1 30 1 32 4 35 4 37 4 41 4 45 4 48 4 52 4 55 4 58 2 61 2 62 2 62 2 61 2 59 2 58 2 58 2 58 2 59 2 59 2 60 2 61 2 62 3 64 3 66 3 69 3 72 3
7 7 7 7 7 7 7 7 7 7 7 7 8 7 8 7 9 7 10 7 10 7 11 1 12 1 13 1 15 1 16 1 18 1 19 1 21 1 22 1 24 1 25 1 27 1 29 4 31 4 33 4 36 4 39 4 43 4 47 4 50 4 53 4 55 4 57 4 59 2 59 2 59 2 59 2 58 2 57 2 57 2 57 2 58 2 59 2 60 3 62 3 64 3 66 3 68 3 71 3
9 7 9 7 8 7 8 7 8 7 8 7 8 7 9 7 9 7 10 7 10 1 11 1 11 1 13 1 14 1 16 1 17 1 18 1 20 1 21 1 23 1 24 1 26 1 28 4 30 4 32 4 35 4 38 4 42 4 45 4 48 4 50 4 51 4 52 4 54 4 56 4 58 2 58 2 58 2 57 2 56 2 56 2 57 2 58 3 60 3 62 3 63 3 65 3 67 3 70 3
10 7 10 7 10 7 9 7 9 7 9 7 9 7 9 7 10 7 10 1 10 1 10 1 11 1 13 1 14 1 16 1 17 1 18 1 20 1 21 1 22 1 23 1 25 4 27 4 29 4 31 4 34 4 37 4 40 4 43 4 46 4 47 4 48 4 49 4 50 4 53 4 56 4 58 2 58 2 57 2 56 2 56 2 57 3 58 3 60 3 62 3 64 3 65 3 67 3 69 3
10 7 10 7 10 7 10 7 10 7 10 7 10 7 10 7 10 7 10 1 10 1 11 1 11 1 13 1 14 1 16 1 17 1 19 1 20 1 21 1 22 1 23 1 25 4 26 4 29 4 31 4 33 4 36 4 39 4 42 4 44 4 45 4 46 4 46 4 48 4 51 4 54 4 56 4 57 4 57 2 56 2 56 3 57 3 59 3 60 3 62 3 64 3 65 3 67 3 69 3
11 7 11 7 11 7 11 7 10 7 10 7 10 7 10 7 10 1 10 1 10 1 11 1 12 1 13 1 15 1 17 1 18 1 19 1 21 1 22 1 22 1 23 4 25 4 26 4 29 4 31 4 33 4 36 4 38 4 41 4 43 4 44 4 44 4 45 4 47 4 50 4 53 4 55 4 56 4 57 4 57 3 58 3 59 3 60 3 62 3 63 3 65 3 66 3 67 3 68 3
11 7 11 7 11 7 11 7 11 7 11 7 10 7 10 1 10 1 10 1 10 1 11 1 12 1 14 1 16 1 18 1 20 1 21 1 22 1 22 1 23 1 24 4 25 4 27 4 29 4 31 4 33 4 35 4 38 4 40 4 42 4 43 4 44 4 45 4 46 4 49 4 51 4 53 4 55 4 57 4 58 3 60 3 61 3 62 3 63 3 65 3 66 3 67 3 67 3 67 3
11 7 11 7 11 7 12 7 11 7 11 7 11 1 10 1 10 1 10 1 11 1 12 1 13 1 15 1 17 1 19 1 21 1 22 1 23 1 23 1 23 4 24 4 25 4 27 4 29 4 31 4 33 4 35 4 37 4 39 4 41 4 42 4 43 4 44 4 46 4 48 4 50 4 52 4 54 4 56 3 58 3 60 3 62 3 63 3 64 3 65 3 66 3 66 3 66 3 66 3
12 9 12 9 12 9 12 9 12 9 12 9 11 5 11 5 11 5 11 5 11 5 12 5 14 5 15 5 18 5 20 5 22 5 23 5 23 5 23 4 23 4 24 4 25 4 27 4 29 4 31 4 33 4 35 4 36 4 38 4 40 4 41 4 42 4 43 4 45 4 47 4 49 4 51 4 53 3 55 3 57 3 59 3 60 3 62 3 62 3 63 3 64 3 65 3 64 3 64 3
13 9 13 9 13 9 14 9 13 9 13 9 13 9 12 5 12 5 12 5 12 5 13 5 15 5 16 5 18 5 20 5 22 5 23 5 23 5 23 5 23 5 24 4 25 4 27 4 29 4 30 4 32 4 34 4 35 4 37 4 39 4 40 4 42 4 43 4 45 4 46 4 48 4 49 4 51 3 53 3 56 3 58 3 59 3 60 3 60 3 61 3 62 3 63 3 62 3 63 3
14 9 14 9 15 9 15 9 15 9 15 9 14 9 13 9 13 5 13 5 14 5 15 5 16 5 17 5 19 5 20 5 21 5 22 5 22 5 23 5 24 5 24 5 25 5 26 4 28 4 29 4 31 4 32 4 33 4 35 4 37 4 39 4 42 4 43 4 45 4 45 4 46 4 47 3 48 3 50 3 53 3 56 3 57 3 57 3 57 3 57 3 58 3 59 3 60 3 61 3
16 9 16 9 16 9 17 9 17 9 16 9 16 9 15 9 15 9 15 5 15 5 16 5 17 5 18 5 19 5 20 5 20 5 21 5 22 5 23 5 24 5 24 5 25 5 26 5 27 5 28 4 30 4 31 4 32 4 33 4 35 4 38 4 41 4 43 4 44 4 44 4 44 4 44 3 45 3 48 3 51 3 53 3 54 3 55 3 54 3 53 3 54 3 56 3 57 3 59 3
17 9 18 9 18 9 19 9 19 9 18 9 18 9 17 9 16 9 16 5 17 5 17 5 18 5 19 5 20 5 20 5 20 5 21 5 22 5 23 5 24 5 24 5 24 5 25 5 26 5 28 5 29 5 30 4 30 4 32 4 33 4 36 4 40 4 42 4 43 4 43 4 42 0 42 3 44 3 46 3 49 3 51 3 52 3 52 3 51 3 51 3 52 3 53 3 55 3 57 3
19 9 19 9 20 9 21 9 20 9 20 9 19 9 19 9 18 9 18 9 18 5 19 5 19 5 20 5 20 5 20 5 21 5 21 5 22 5 23 5 23 5 23 5 23 5 24 5 25 5 27 5 28 5 29 5 30 5 31 4 33 4 35 4 38 4 40 4 42 4 42 0 41 0 41 0 43 0 44 3 47 3 49 3 50 3 50 3 49 3 49 3 50 3 52 3 54 3 55 3
21 9 21 9 21 9 22 9 21 9 21 9 21 9 21 9 21 9 21 9 20 9 20 5 20 5 20 5 21 5 21 5 21 5 22 5 22 5 22 5 22 5 22 5 22 5 23 5 24 5 25 5 27 5 28 5 29 5 31 5 32 5 34 4 37 8 38 8 39 8 40 8 41 0 42 0 43 0 44 0 46 0 47 3 48 3 48 3 48 3 48 3 49 3 51 3 52 3 54 3
23 9 23 9 23 9 22 9 22 9 22 9 22 9 23 9 23 9 23 9 22 9 21 9 21 5 21 5 21 5 22 5 22 5 22 5 23 5 22 5 22 5 21 5 21 5 22 5 23 5 24 5 26 5 27 5 29 5 31 5 32 5 34 8 35 8 37 8 38 8 39 8 41 0 43 0 43 0 44 0 45 0 46 0 46 3 47 3 46 3 47 3 48 3 50 3 52 3 53 3
24 9 24 9 23 9 23 9 23 9 22 9 23 9 24 9 24 9 24 9 23 9 22 9 21 9 21 5 21 5 22 5 22 5 23 5 23 5 22 5 21 5 21 5 21 5 22 5 22 5 24 5 25 5 27 5 29 5 31 5 32 5 34 8 35 8 36 8 37 8 39 8 41 0 43 0 44 0 44 0 45 0 45 0 46 0 46 0 46 3 46 3 47 3 49 3 51 3 52 3
25 9 25 9 24 9 24 9 23 9 23 9 24 9 24 9 24 9 24 9 23 9 22 9 21 9 21 9 22 5 22 5 22 5 23 5 23 5 22 5 21 5 21 5 21 5 22 5 23 5 24 5 26 5 28 5 30 5 31 5 33 8 34 8 35 8 36 8 37 8 39 8 41 8 43 0 43 0 44 0 44 0 45 0 45 0 45 0 45 0 45 3 46 3 48 3 50 3 51 3
26 9 26 9 26 9 25 9 25 9 25 9 25 9 25 9 24 9 24 9 23 9 22 9 21 9 21 9 22 5 22 5 23 5 23 5 23 5 22 5 21 5 21 5 21 5 23 5 24 5 26 5 28 5 30 5 32 5 34 5 35 8 36 8 36 8 37 8 38 8 40 8 42 8 43 0 44 0 44 0 44 0 44 0 44 0 44 0 44 0 45 0 46 0 47 3 49 3 50 3
27 9 27 9 27 9 27 9 27 9 26 9 26 9 25 9 24 9 24 9 23 9 22 9 21 9 21 9 21 9 22 5 22 5 23 5 22 5 22 5 21 5 21 5 22 5 24 5 26 5 28 5 30 5 32 5 34 5 36 8 38 8 38 8 37 8 37 8 38 8 40 8 43 8 44 8 44 0 44 0 43 0 43 0 43 0 44 0 44 0 44 0 45 0 47 0 48 0 49 3
27 9 27 9 27 9 27 9 27 9 27 9 26 9 25 9 24 9 24 9 23 9 22 9 21 9 21 9 21 9 21 9 22 5 22 5 22 5 21 5 21 5 21 5 22 5 24 5 27 5 29 5 31 5 33 5 36 5 38 8 40 8 40 8 39 8 39 8 40 8 42 8 44 8 45 8 45 0 44 0 43 0 43 0 43 0 43 0 43 0 44 0 45 0 46 0 48 0 49 0
27 9 27 9 27 9 27 9 27 9 27 9 26 9 25 9 25 9 24 9 23 9 22 9 21 9 21 9 21 9 21 9 21 9 21 5 21 5 21 5 21 5 21 5 22 5 25 5 27 5 29 5 31 5 34 5 36 8 39 8 41 8 41 8 41 8 41 8 42 8 44 8 45 8 46 8 46 8 45 0 44 0 43 0 43 0 43 0 43 0 44 0 45 0 47 0 48 0 50 0
26 9 26 9 26 9 27 9 27 9 27 9 27 9 26 9 26 9 25 9 24 9 23 9 22 9 22 9 21 9 21 9 21 9 21 9 21 5 21 5 21 5 22 5 23 5 25 5 27 5 29 5 31 5 33 5 36 8 38 8 41 8 42 8 42 8 43 8 44 8 45 8 46 8 47 8 46 8 45 0 43 0 42 0 43 0 43 0 43 0 44 0 45 0 47 0 49 0 50 0
27 9 27 9 26 9 26 9 26 9 27 9 27 9 27 9 27 9 26 9 26 9 25 9 24 9 23 9 22 9 21 9 21 9 21 9 21 9 22 5 22 5 23 5 24 5 25 5 26 5 28 5 30 5 32 8 34 8 37 8 40 8 42 8 43 8 44 8 45 8 46 8 47 8 47 8 46 8 44 8 43 0 42 0 42 0 42 0 43 0 44 0 45 0 47 0 49 0 51 0
27 9 27 9 27 9 27 9 27 9 27 9 28 9 28 9 28 9 28 9 27 9 26 9 25 9 24 9 23 9 22 9 22 9 21 9 22 9 22 5 23 5 24 5 25 5 26 5 26 5 28 5 30 5 32 8 34 8 37 8 39 8 42 8 44 8 45 8 46 8 47 8 47 8 47 8 46 8 44 8 42 0 41 0 41 0 42 0 42 0 44 0 45 0 47 0 49 0 50 0
28 9 28 9 28 9 28 9 28 9 28 9 29 9 29 9 29 9 28 9 28 9 27 9 26 9 25 9 24 9 23 9 22 9 22 9 22 9 23 9 24 5 25 5 26 5 26 5 27 5 28 5 30 8 32 8 34 8 37 8 40 8 42 8 44 8 45 8 46 8 47 8 47 8 47 8 45 8 44 8 42 0 41 0 41 0 41 0 42 0 43 0 45 0 46 0 48 0 50 0
28 9 28 9 28 9 28 9 28 9 28 9 29 9 29 9 29 9 28 9 28 9 28 9 27 9 26 9 25 9 24 9 24 9 23 9 23 9 24 9 24 9 25 5 26 5 27 5 28 5 29 5 31 8 33 8 36 8 39 8 41 8 43 8 45 8 45 8 46 8 46 8 46 8 45 8 44 8 43 8 42 8 41 0 41 0 41 0 42 0 43 0 44 0 46 0 47 0 48 0
28 9 28 9 28 9 28 9 28 9 29 9 29 9 29 9 29 9 28 9 28 9 28 9 27 9 26 9 26 9 25 9 25 9 25 9 25 9 25 9 25 9 26 9 27 5 28 5 29 5 30 8 32 8 35 8 38 8 40 8 43 8 44 8 45 8 45 8 46 8 45 8 45 8 44 8 43 8 42 8 42 8 42 0 42 0 42 0 42 0 43 0 44 0 45 0 46 0 46 0
28 9 28 9 28 9 29 9 29 9 29 9 30 9 30 9 29 9 29 9 29 9 29 9 28 9 27 9 27 9 27 9 27 9 27 9 26 9 26 9 26 9 26 9 28 9 28 5 30 5 31 8 33 8 36 8 39 8 41 8 43 8 44 8 44 8 44 8 44 8 44 8 43 8 42 8 41 8 41 8 42 8 42 8 42 0 42 0 42 0 42 0 43 0 44 0 44 0 45 0
29 9 29 9 29 9 30 9 30 9 31 9 31 9 31 9 31 9 31 9 31 9 31 9 30 9 29 9 28 9 28 9 28 9 28 9 28 9 27 9 27 9 28 9 29 9 30 9 31 8 32 8 34 8 36 8 39 8 41 8 42 8 42 8 42 8 42 8 43 8 42 8 41 8 41 8 41 8 41 8 42 8 42 8 42 0 42 0 41 0 41 0 42 0 43 0 43 0 43 0
30 9 30 9 31 9 32 9 33 9 33 9 34 9 33 9 33 9 33 9 32 9 32 9 32 9 30 9 29 9 29 9 29 9 29 9 28 9 28 9 29 9 29 9 30 9 31 9 32 8 33 8 35 8 37 8 39 8 40 8 41 8 41 8 41 8 41 8 41 8 40 8 40 8 40 8 40 8 40 8 41 8 41 8 41 8 41 0 41 0 41 0 41 0 42 0 42 0 42 0
31 9 32 9 33 9 35 9 36 9 37 9 37 9 36 9 35 9 34 9 34 9 34 9 34 9 32 9 31 9 29 9 29 9 28 9 29 9 30 9 31 9 32 9 33 9 33 9 34 8 35 8 36 8 37 8 39 8 39 8 39 8 39 8 39 8 39 8 40 8 39 8 39 8 39 8 40 8 40 8 40 8 40 8 39 8 39 0 39 0 40 0 40 0 41 0 41 0 41 0
33 9 33 9 35 9 37 9 39 9 40 9 39 9 38 9 37 9 36 9 36 9 36 9 36 9 34 9 32 9 30 9 29 9 29 9 29 9 31 9 33 9 34 9 34 9 35 8 35 8 36 8 37 8 38 8 38 8 39 8 39 8 39 8 39 8 39 8 39 8 39 8 38 8 38 8 39 8 39 8 39 8 38 8 37 8 37 8 38 0 39 0 39 0 40 0 40 0 41 0
34 9 35 9 37 9 39 9 41 9 42 9 41 9 40 9 39 9 38 9 38 9 38 9 38 9 36 9 34 9 32 9 31 9 30 9 31 9 33 9 35 9 35 9 36 9 36 8 36 8 37 8 37 8 38 8 39 8 39 8 38 8 38 8 38 8 38 8 39 8 38 8 38 8 38 8 38 8 38 8 38 8 37 8 36 8 36 8 37 0 38 0 38 0 38 0 39 0 39 0
37 9 38 9 39 9 41 9 42 9 43 9 43 9 42 9 41 9 41 9 41 9 41 9 40 9 38 9 36 9 34 9 33 9 33 9 33 9 34 9 36 9 36 9 37 9 37 8 37 8 37 8 38 8 38 8 39 8 39 8 38 8 38 8 38 8 38 8 38 8 38 8 38 8 38 8 38 8 38 8 37 8 37 8 36 8 36 8 36 0 36 0 36 0 36 0 37 0 38 0
41 9 41 9 41 9 41 9 42 9 43 9 44 9 44 9 44 9 43 9 43 9 43 9 42 9 41 9 39 9 38 9 37 9 36 9 36 9 36 9 36 9 36 9 37 9 37 8 38 8 38 8 38 8 39 8 39 8 39 8 39 8 39 8 39 8 39 8 39 8 39 8 38 8 38 8 38 8 38 8 38 8 37 8 36 8 35 8 34 8 34 0 33 0 34 0 35 0 36 0
45 9 45 9 43 9 42 9 42 9 43 9 44 9 45 9 45 9 45 9 45 9 44 9 44 9 43 9 42 9 41 9 40 9 40 9 39 9 38 9 37 9 37 9 37 9 37 8 38 8 38 8 38 8 39 8 39 8 39 8 39 8 39 8 39 8 39 8 39 8 39 8 39 8 39 8 38 8 38 8 38 8 37 8 36 8 35 8 33 8 31 0 31 0 31 0 33 0 34 0
47 9 47 9 45 9 43 9 43 9 43 9 44 9 45 9 46 9 45 9 45 9 45 9 45 9 45 9 45 9 44 9 43 9 43 9 42 9 40 9 39 9 38 9 37 9 38 8 38 8 38 8 38 8 39 8 39 8 39 8 39 8 39 8 40 8 40 8 40 8 39 8 39 8 38 8 38 8 37 8 36 8 35 8 34 8 33 8 31 8 29 8 29 0 29 0 31 0 32 0
49 9 48 9 46 9 44 9 43 9 43 9 44 9 45 9 45 9 45 9 45 9 45 9 46 9 46 9 46 9 46 9 45 9 45 9 44 9 42 9 40 9 39 9 38 9 38 8 38 8 38 8 38 8 38 8 39 8 39 8 39 8 39 8 39 8 40 8 39 8 39 8 38 8 37 8 36 8 35 8 34 8 33 8 32 8 31 8 29 8 28 8 27 0 28 0 29 0 30 0
50 9 50 9 48 9 45 9 44 9 44 9 44 9 44 9 44 9 43 9 43 9 44 9 45 9 46 9 47 9 46 9 46 9 45 9 44 9 43 9 41 9 39 9 38 9 37 8 37 8 37 8 37 8 37 8 38 8 39 8 39 8 39 8 39 8 39 8 38 8 38 8 37 8 36 8 34 8 33 8 32 8 31 8 30 8 29 8 28 8 27 8 26 8 27 0 28 0 29 0
51 9 50 9 48 9 46 9 45 9 44 9 44 9 43 9 43 9 42 9 42 9 44 9 45 9 46 9 46 9 46 9 45 9 45 9 44 9 43 9 41 9 39 9 37 8 36 8 36 8 36 8 36 8 37 8 38 8 38 8 39 8 38 8 38 8 37 8 37 8 36 8 35 8 34 8 32 8 31 8 30 8 29 8 28 8 28 8 27 8 26 8 26 8 26 0 27 0 28 0
