4
987 -66 -141
750 -279 -599
-750 -279 -599
-987 -66 -141
30 30
43 1 43 1 43 1 43 1 43 1 43 1 43 1 43 1 42 1 42 1 42 1 42 1 42 1 42 1 41 1 41 1 41 2 41 2 41 2 41 2 41 2 41 2 41 2 41 2 41 2 42 2 42 2 42 2 42 2 43 2
43 1 43 1 43 1 43 1 43 1 43 1 43 1 43 1 42 1 42 1 42 1 42 1 42 1 42 1 41 1 41 2 41 2 41 2 41 2 41 2 41 2 41 2 41 2 41 2 41 2 42 2 42 2 42 2 42 2 43 2
43 1 43 1 43 1 43 1 43 1 43 1 42 1 42 1 42 1 42 1 42 1 42 1 42 1 42 1 41 2 41 2 41 2 41 2 41 2 41 2 41 2 41 2 41 2 41 2 41 2 42 2 42 2 42 2 43 2 43 2
42 1 42 1 42 1 42 1 42 1 42 1 42 1 42 1 42 1 42 1 42 1 42 1 42 1 42 2 42 2 41 2 41 2 41 2 41 2 41 2 41 2 41 2 41 2 41 2 42 2 42 2 42 2 42 2 43 2 43 2
41 1 41 1 41 1 41 1 41 1 41 1 41 1 42 1 42 1 42 1 42 1 42 1 42 1 42 2 42 2 42 2 41 2 41 2 41 2 41 2 41 2 41 2 41 2 42 2 42 2 42 2 42 2 43 2 43 2 43 2
40 1 40 1 40 1 40 1 40 1 40 1 40 1 41 1 41 1 41 1 41 1 42 1 42 2 42 2 42 2 42 2 42 2 42 2 42 2 42 2 42 2 42 2 42 2 42 2 42 2 42 2 43 2 43 2 43 2 43 2
38 1 38 1 38 1 38 1 39 1 39 1 39 1 40 1 40 1 40 1 41 1 41 2 42 2 42 2 42 2 42 2 42 2 42 2 42 2 42 2 42 2 42 2 42 2 42 2 43 2 43 2 43 2 43 2 43 2 43 2
36 1 36 1 36 1 37 1 37 1 37 1 38 1 38 1 39 1 40 1 40 1 41 2 41 2 42 2 42 2 42 2 42 2 42 2 42 2 42 2 42 2 43 2 43 2 43 2 43 2 43 2 43 0 44 2 44 2 44 2
34 1 34 1 34 1 34 1 35 1 35 1 36 1 37 1 38 1 39 1 40 2 40 2 41 2 42 2 42 2 42 2 43 0 43 0 43 2 43 0 43 0 43 0 43 0 43 0 44 0 44 0 44 0 44 0 44 2 44 2
32 1 32 1 32 1 32 1 33 1 33 1 34 1 35 1 36 1 37 2 39 2 40 2 41 2 41 2 42 0 42 0 43 0 43 0 43 0 43 0 43 0 44 0 44 0 44 0 44 0 44 0 44 0 45 0 45 0 45 2
29 1 29 1 29 1 30 1 30 1 31 1 32 1 33 1 35 2 36 2 38 2 39 2 40 0 41 0 42 0 42 0 43 0 43 0 43 0 43 0 44 0 44 0 44 0 44 0 45 0 45 0 45 0 45 0 45 0 45 0
27 1 27 1 27 1 27 1 28 1 29 1 30 1 32 1 33 2 35 2 36 2 38 0 39 0 41 0 42 0 42 0 43 0 43 0 43 0 44 0 44 0 44 0 45 0 45 0 45 0 45 0 45 0 46 0 46 0 46 0
24 1 24 1 25 1 25 1 26 1 27 1 28 1 30 2 31 2 33 2 35 2 37 0 39 0 40 0 41 0 42 0 42 0 43 0 43 0 44 0 44 0 45 0 45 0 45 0 45 0 46 0 46 0 46 0 46 0 46 0
22 1 22 1 22 1 23 1 24 1 25 1 26 2 28 2 30 2 32 2 34 2 36 0 37 0 39 0 40 0 41 0 42 0 42 0 43 0 44 0 44 0 45 0 45 0 45 0 46 0 46 0 46 0 46 0 47 0 47 0
20 1 20 1 20 1 21 1 22 1 23 1 24 2 26 2 28 2 30 2 32 2 34 2 36 0 38 0 39 0 40 0 41 0 42 0 43 0 43 0 44 0 44 0 45 0 45 0 46 0 46 0 47 0 47 0 47 0 47 0
18 1 18 1 19 1 19 1 20 1 21 1 22 2 24 2 26 2 28 2 31 2 33 2 35 0 37 0 38 0 39 0 40 0 41 0 42 0 43 0 43 0 44 0 45 0 45 0 46 0 46 0 47 0 47 0 47 0 48 0
17 1 17 1 17 1 17 1 18 1 19 2 21 2 23 2 25 4 27 2 29 2 31 2 33 0 35 0 37 0 38 0 39 0 40 0 41 0 42 0 43 0 44 0 45 0 45 0 46 0 46 0 47 0 47 0 48 3 48 3
15 1 15 1 15 1 16 1 16 2 18 2 19 2 21 4 23 4 25 4 27 3 30 3 32 3 34 3 35 0 37 0 38 0 39 0 40 0 41 0 42 0 43 0 44 0 45 0 46 0 46 0 47 0 47 3 48 3 48 3
13 1 13 1 14 1 14 2 15 2 16 4 17 4 19 4 21 4 23 4 26 4 28 3 30 3 32 3 34 3 36 0 37 0 38 0 39 0 40 0 42 0 43 0 44 0 45 0 46 0 46 3 47 3 48 3 48 3 48 3
12 2 12 1 12 2 12 2 13 4 14 4 16 4 17 4 19 4 22 4 24 4 26 4 29 3 31 3 33 3 34 3 36 0 37 0 38 0 40 3 41 3 42 3 43 3 44 3 45 3 46 3 47 3 47 3 48 3 48 3
10 2 10 2 10 2 11 4 12 4 13 4 14 4 16 4 18 4 20 4 22 4 25 4 27 4 29 3 31 3 33 3 34 3 36 3 37 3 39 3 40 3 41 3 43 3 44 3 45 3 46 3 46 3 47 3 48 3 48 3
9 2 9 4 9 4 9 4 10 4 11 4 12 4 14 4 16 4 18 4 21 4 23 4 25 4 27 4 29 3 31 3 33 3 34 3 36 3 37 3 39 3 40 3 42 3 43 3 44 3 45 3 46 3 47 3 47 3 48 3
7 4 7 4 7 4 8 4 9 4 10 4 11 4 13 4 14 4 17 4 19 4 21 4 23 4 26 4 28 4 29 3 31 3 33 3 34 3 36 3 38 3 39 3 41 3 42 3 43 3 44 3 45 3 46 3 47 3 47 3
6 4 6 4 6 4 6 4 7 4 8 4 9 4 11 4 13 4 15 4 17 4 19 4 22 4 24 4 26 4 28 3 29 3 31 3 33 3 35 3 36 3 38 3 39 3 41 3 42 3 43 3 44 3 45 3 46 3 46 3
5 4 5 4 5 4 5 4 6 4 7 4 8 4 10 4 11 4 13 4 15 4 18 4 20 4 22 4 24 4 26 4 28 3 30 3 31 3 33 3 35 3 37 3 38 3 40 3 41 3 42 3 43 3 44 3 45 3 45 3
4 4 4 4 4 4 4 4 5 4 6 4 7 4 8 4 10 4 12 4 14 4 16 4 18 4 20 4 22 4 24 4 26 4 28 3 30 3 32 3 34 3 35 3 37 3 38 3 40 3 41 3 42 3 43 3 43 3 44 3
2 4 2 4 3 4 3 4 4 4 4 4 5 4 7 4 8 4 10 4 12 4 14 4 17 4 19 4 21 4 23 4 25 4 26 4 28 3 30 3 32 3 34 3 35 3 37 3 38 3 39 3 40 3 41 3 42 3 43 3
1 4 2 4 2 4 2 4 2 4 3 4 4 4 6 4 7 4 9 4 11 4 13 4 15 4 17 4 19 4 21 4 23 4 25 4 27 4 29 3 31 3 32 3 34 3 36 3 37 3 38 3 39 3 40 3 41 3 42 3
1 4 1 4 1 4 1 4 2 4 2 4 3 4 5 4 6 4 8 4 10 4 12 4 14 4 16 4 18 4 20 4 22 4 23 4 25 4 27 3 29 3 31 3 33 3 34 3 36 3 37 3 38 3 39 3 40 3 40 3
0 4 0 4 0 4 0 4 1 4 1 4 2 4 4 4 5 4 7 4 8 4 10 4 12 4 14 4 16 4 18 4 20 4 22 4 24 3 26 3 28 3 30 3 32 3 33 3 34 3 36 3 37 3 38 3 39 3 39 3
